,Algeria,Angola,Benin,Botswana,Burkina Faso,Cameroon,Central African Republic,Chad,Democratic Republic of the Congo,Republic of Congo,Egypt,Ethiopia,Gabon,Ghana,Guinea,Kenya,Libya,Madagascar,Malawi,Mali,Morocco,Mozambique,Niger,Senegal,Sierra Leone,South Africa,Sudan,Tanzania,Togo,Tunisia,Uganda,Zambia
1980,42.346,6.639,2.302,1.175,2.386,8.193,0.714,0.738,68.606,2.165,23.523,7.385,4.559,38.219,2.4,10.099,38.941,5.202,2.146,2.031,21.998,4.615,3.531,4.338,1.701,82.981,9.095,10.873,1.994,9.566,7.486,4.246
1981,44.372,6.214,1.557,1.038,2.076,9.281,0.743,0.873,59.726,1.775,25.76,7.578,4.111,61.792,2.381,9.513,33.641,4.759,2.146,1.66,17.86,3.585,3.056,3.934,1.823,85.463,6.53,13.005,1.656,9.223,12.12,4.385
1982,44.78,6.214,1.542,1.095,1.934,8.901,0.719,0.844,64.939,1.548,30.479,7.973,3.853,72.038,2.335,9.159,33.541,4.785,2.046,1.468,18.028,3.662,2.84,3.85,2.05,78.415,4.748,14.932,1.396,8.9,8.41,4.232
1983,47.529,6.476,1.365,1.21,1.767,8.972,0.69,0.844,52.378,1.407,37.254,8.863,3.689,48.515,2.284,8.47,31.963,4.686,2.121,1.418,16.296,3.28,2.538,3.435,1.782,87.417,6.485,15.294,1.33,9.202,9.619,3.653
1984,51.513,6.864,1.456,1.201,1.579,9.482,0.67,0.907,34.951,1.294,41.888,8.375,3.547,17.332,2.327,8.788,29.93,3.906,2.095,1.416,14.904,3.417,2.056,3.35,2.062,77.315,7.992,13.915,1.222,9.054,7.399,3.003
1985,61.132,8.457,1.58,1.118,1.746,9.903,0.883,0.983,31.943,1.327,48.841,9.808,3.736,15.379,2.473,8.746,29.44,3.803,1.962,1.426,15.043,4.516,2.027,3.668,1.755,59.102,5.547,12.556,1.281,9.245,6.771,2.848
1986,61.535,7.918,2.036,1.516,2.29,12.909,1.158,1.211,35.84,1.815,54.076,10.188,4.889,14.228,2.675,10.387,23.987,4.348,2.048,1.981,19.864,5.301,2.68,5.188,1.314,67.562,7.4,15.874,1.795,9.91,6.746,1.962
1987,63.3,9.05,2.43,2.376,2.665,14.952,1.275,1.372,33.932,2.205,77.359,10.89,3.699,11.932,2.84,11.387,22.294,3.213,2.013,2.308,21.911,2.395,3.143,6.241,1.145,88.572,11.964,7.821,2.107,10.663,10.878,2.431
1988,51.664,9.818,2.552,3.084,2.942,15.184,1.372,1.604,39.314,2.346,92.53,11.285,4.079,12.678,3.317,11.806,25.067,3.189,2.314,2.316,25.947,2.105,3.21,6.173,1.877,95.207,9.551,7.474,2.345,11.073,11.268,4.095
1989,52.558,11.421,2.37,3.444,2.942,13.539,1.354,1.515,40.006,2.478,115.362,11.872,4.458,12.897,3.384,11.705,26.594,3.176,2.639,2.827,26.706,2.199,3.068,6.083,1.724,99.044,16.853,6.444,2.302,11.069,9.136,4.365
1990,61.892,12.571,2.89,3.803,3.488,13.553,1.572,1.826,41.448,2.909,96.087,12.595,6.339,14.898,3.71,12.18,30.644,3.931,2.999,3.223,30.18,3.529,3.491,7.078,0.948,115.533,2.245,5.172,2.772,13.474,7.452,4.085
1991,46.67,12.186,2.954,3.806,3.526,15.112,1.498,1.809,40.25,3.035,48.431,13.928,5.754,16.673,4.195,11.501,33.908,3.255,3.821,3.284,32.286,3.704,3.271,6.955,1.138,123.964,2.528,6.019,2.74,14.202,3.897,3.69
1992,49.217,9.395,3.284,3.932,3.775,13.851,1.494,1.886,36.333,3.28,44.168,14.696,5.955,16.485,4.57,11.327,34.358,3.715,3.12,3.372,33.712,2.584,3.372,7.435,0.992,134.557,3.1,5.588,2.873,16.978,3.645,3.614
1993,50.963,6.819,3.199,3.961,3.599,14.451,1.309,1.648,47.45,3.004,49.526,9.143,5.757,13.383,4.562,7.869,30.921,4.063,3.591,3.362,31.656,2.651,3.041,7.014,1.122,134.345,5.246,5.17,2.189,15.944,4.311,3.549
1994,42.426,4.965,2.227,4.261,2.164,9.833,0.858,1.335,25.746,2.068,54.55,8.135,4.463,12.303,4.707,9.422,28.796,3.522,2.081,2.575,35.605,2.848,1.935,4.746,1.331,139.804,5.961,5.478,1.697,17.052,6.24,3.657
1995,42.066,6.197,2.993,4.732,2.676,9.326,1.117,1.636,25.021,2.457,63.25,7.887,5.281,14.544,5.139,11.944,32.69,3.838,2.423,3.337,39.029,2.959,2.296,6.026,1.273,155.461,6.694,6.382,2.24,19.654,7.473,3.799
1996,46.941,7.994,3.251,4.881,2.909,10.393,1.0,1.819,32.099,2.84,71.118,8.794,6.064,15.458,5.316,13.565,35.683,4.932,3.956,3.416,43.162,4.163,2.397,6.3,1.374,147.701,8.377,7.889,2.448,21.283,7.713,3.599
1997,48.178,9.388,3.124,5.024,2.753,10.509,0.979,1.748,28.819,2.568,79.777,8.621,5.673,15.786,5.212,13.742,36.531,4.263,4.619,3.208,39.147,4.976,2.285,5.867,1.24,152.611,10.241,9.341,2.494,20.747,8.407,4.303
1998,48.188,7.958,3.362,4.819,3.155,10.495,1.036,1.975,21.089,2.24,89.189,7.815,4.774,17.153,5.003,15.739,29.96,4.402,3.036,3.328,41.806,5.625,2.639,6.416,0.981,137.686,10.924,11.481,2.361,21.803,8.23,3.538
1999,48.845,7.526,3.681,5.485,3.388,10.695,1.039,1.739,19.147,2.646,95.039,7.515,4.966,17.756,4.798,14.353,35.975,4.278,3.08,3.444,41.632,5.928,2.532,6.599,0.977,136.55,10.714,11.777,2.37,22.943,7.823,3.405
2000,54.749,11.166,3.522,5.803,2.961,9.802,0.868,1.572,19.077,3.624,104.752,8.167,5.397,11.467,4.039,14.136,38.271,4.629,3.023,2.963,38.859,5.39,2.235,6.016,0.941,136.453,13.134,12.369,2.014,21.474,7.756,3.601
2001,54.745,10.93,3.666,5.514,3.19,10.377,0.899,1.936,7.246,3.038,102.273,8.103,5.023,12.227,3.806,14.536,34.112,5.438,2.967,3.468,39.46,5.31,2.442,6.508,1.084,121.602,15.716,12.61,2.0,22.066,7.835,4.094
2002,56.761,15.286,4.191,5.456,3.62,11.588,0.983,2.257,8.72,3.33,90.261,7.828,5.332,14.2,4.022,14.764,20.471,5.352,3.496,3.905,42.238,5.626,2.772,7.001,1.25,115.748,18.137,13.125,2.301,23.142,8.425,4.194
2003,67.864,17.813,5.348,7.539,4.74,14.558,1.188,3.102,9.022,3.863,85.163,8.604,6.51,17.494,4.759,16.796,26.186,6.372,3.211,4.713,52.064,6.254,3.382,8.767,1.38,175.254,21.355,14.159,2.854,27.454,8.725,4.902
2004,85.327,23.552,6.187,8.966,5.449,17.44,1.31,5.003,10.275,5.101,82.855,10.122,7.767,20.244,5.054,18.064,32.996,5.065,3.476,5.452,59.626,7.589,3.746,10.072,1.439,228.931,26.646,15.576,3.048,31.184,10.75,6.221
2005,103.198,36.971,6.571,10.013,6.15,17.974,1.413,6.676,12.069,6.654,94.127,12.387,9.468,24.521,4.506,21.001,47.335,5.859,3.656,6.251,62.343,8.512,4.372,11.015,1.61,257.667,35.183,17.174,3.08,32.272,12.46,8.329
2006,117.027,52.381,7.034,10.175,6.548,19.374,1.538,7.451,14.376,8.073,112.902,15.31,10.164,28.785,4.178,25.826,54.963,6.396,3.998,6.906,68.641,9.303,4.743,11.699,1.884,271.812,45.264,18.867,3.173,34.377,14.079,12.762
2007,134.977,65.266,8.17,10.941,7.627,22.397,1.755,8.687,16.778,8.784,137.055,19.329,12.457,33.942,6.317,31.959,67.69,8.525,4.431,8.157,79.041,10.534,5.716,13.996,2.159,299.033,59.44,21.807,3.592,38.915,17.512,14.06
2008,171.001,88.539,9.787,11.028,9.45,26.514,2.033,10.43,19.548,11.649,170.797,26.25,15.57,38.414,6.966,35.895,73.917,10.725,5.321,9.837,92.507,12.64,7.279,16.852,2.511,287.095,64.833,27.762,4.483,44.844,22.419,17.914
2009,137.054,70.307,9.728,10.272,9.44,26.094,2.059,9.315,18.495,9.713,198.316,28.672,12.188,34.254,6.753,37.022,50.808,9.617,6.195,10.221,92.897,12.261,7.324,16.128,2.454,297.221,54.812,28.985,4.554,43.466,24.107,15.332
2010,161.207,83.799,9.543,12.794,10.118,26.191,2.141,10.701,21.541,13.159,230.024,26.887,14.384,43.043,6.858,40.0,68.974,9.983,6.957,10.698,93.217,11.418,7.838,16.134,2.578,375.304,65.716,31.533,4.63,44.054,24.683,20.264
2011,200.251,111.79,10.691,15.393,12.078,29.37,2.435,12.183,25.853,15.653,247.726,30.48,18.207,53.645,6.034,41.671,31.999,11.552,7.984,12.993,101.371,14.382,8.754,17.811,2.942,416.879,66.448,34.067,5.223,45.81,27.501,23.455
2012,209.059,128.053,11.148,16.11,12.569,29.121,2.512,12.411,29.35,17.704,278.769,42.221,17.181,56.505,7.304,50.422,79.759,11.579,5.981,12.45,98.266,16.257,9.412,17.672,3.802,396.332,48.948,39.651,5.229,45.044,30.939,25.502
2013,209.755,136.71,12.518,14.915,13.444,32.358,1.692,12.994,32.695,17.959,288.007,46.544,17.596,63.279,8.374,55.125,51.896,12.424,5.432,13.243,106.826,16.968,10.206,18.919,4.916,366.821,52.892,45.681,5.831,46.248,32.331,28.042
2014,213.81,145.712,13.288,16.259,13.947,34.999,1.896,14.003,35.911,17.918,305.567,54.165,18.209,53.173,8.79,61.546,24.262,12.523,6.055,14.369,110.081,17.623,10.83,19.802,5.007,350.901,60.726,50.002,6.174,47.634,33.122,27.145
2015,165.979,116.194,11.389,14.445,11.833,30.932,1.696,10.952,37.915,11.891,332.075,63.081,14.385,48.595,8.79,64.235,17.216,11.323,6.402,13.106,101.179,15.951,9.684,17.777,4.252,317.578,64.536,47.384,5.641,43.172,27.445,21.245
2016,160.034,101.124,11.818,15.658,12.819,32.635,1.825,10.202,36.64,10.159,332.484,72.12,14.02,54.989,8.604,69.19,18.563,11.849,5.492,14.022,103.312,11.937,10.35,19.035,3.855,296.273,64.883,49.774,6.03,41.801,29.557,20.965
2017,170.207,122.124,12.697,17.383,14.165,34.997,2.072,10.079,37.615,11.11,236.528,76.841,14.924,58.978,10.337,78.896,30.211,13.176,6.23,15.36,109.683,13.15,11.185,20.989,3.713,349.433,47.837,53.227,6.393,39.627,31.384,25.874
2018,175.367,105.902,14.257,18.664,16.207,38.712,2.28,11.036,47.099,13.402,250.253,80.207,16.875,65.518,12.181,87.801,41.432,13.974,6.911,17.079,118.096,14.71,12.85,23.127,4.085,368.135,35.891,56.699,7.117,40.139,34.095,26.312
2019,171.07,89.603,14.392,18.339,15.746,38.863,2.277,10.934,50.418,12.542,302.335,92.608,16.875,66.998,13.797,95.41,39.832,14.519,7.663,17.308,119.701,15.195,12.912,23.307,4.119,351.354,33.564,60.81,7.221,39.169,37.788,23.309
2020,144.294,62.44,15.193,15.91,16.541,39.02,2.366,10.742,49.077,10.232,361.847,96.611,15.642,68.418,15.455,99.287,21.797,13.837,8.488,17.639,113.548,14.385,13.698,24.448,4.204,302.114,34.37,63.244,7.495,39.553,37.613,18.529
2021,151.459,66.493,17.327,18.726,18.853,44.893,2.718,12.531,55.088,12.022,394.284,93.966,18.362,74.26,16.339,106.041,24.267,14.746,9.268,19.912,124.003,13.957,15.899,27.927,4.42,329.529,35.827,65.919,8.627,44.265,41.271,18.955
2022,150.135,68.532,19.056,20.137,20.568,48.074,2.964,13.269,58.17,12.366,429.573,92.907,18.768,79.737,17.428,112.75,25.901,15.972,9.598,21.824,131.309,14.889,18.528,30.521,4.445,344.139,35.917,70.068,9.361,46.527,44.83,19.083
