,Argentina,Bolivia,Brazil,Chile,Colombia,Costa Rica,Dominican Republic,Ecuador,El Salvador,Guatemala,Haiti,Honduras,Mexico,Panama,Paraguay,Peru,Uruguay,Venezuela
1980,8361.21,695.535,1229.88,2579.92,1634.01,2108.75,1534.32,2097.14,827.158,1070.29,456.873,955.25,3383.69,2071.04,1299.66,1164.83,4139.9,4671.08
1981,6671.43,615.66,1382.55,3004.73,1741.39,1111.35,1677.45,2087.38,721.104,1140.22,494.025,1017.07,4238.76,2288.37,1608.46,1373.07,4588.98,5085.58
1982,3257.85,668.55,1446.23,2204.38,1824.79,1071.94,1545.1,2026.38,706.494,1126.19,504.762,1015.88,3002.23,2469.14,1636.53,1332.46,3727.41,5041.59
1983,3962.74,619.896,1134.93,1762.22,1775.3,1257.36,1562.13,1732.5,672.516,1139.96,532.208,1044.2,2390.4,2477.12,1762.99,1011.73,2032.97,4883.23
1984,4374.78,631.152,1105.85,1687.02,1717.02,1421.16,2397.6,1794.73,488.784,1163.06,579.284,1092.45,2755.01,2527.53,1390.89,1018.79,1920.9,3447.45
1985,3248.75,668.921,1719.52,1424.36,1576.93,1478.37,1022.61,2044.31,471.502,1338.72,631.862,1161.92,2859.22,2614.79,1154.15,861.599,1865.11,3472.19
1986,3857.03,640.939,1955.07,1504.43,1547.01,1611.32,1212.35,1461.92,469.937,705.756,689.611,1180.46,1937.36,2658.35,1335.76,1263.73,2302.54,3488.56
1987,3909.98,683.624,2087.45,1743.88,1577.32,1612.56,1245.27,1332.15,472.147,796.958,333.729,1249.59,2080.4,2613.1,1084.7,2040.65,2864.7,2619.24
1988,4524.5,712.146,2289.42,2021.05,1665.56,1598.04,1113.84,1234.67,543.469,841.77,216.866,1351.37,2493.82,2211.67,1392.42,1579.55,2946.36,3292.79
1989,2867.31,715.525,3087.93,2289.45,1645.34,1763.48,1230.74,1182.53,611.47,946.757,196.47,1467.03,2979.92,2171.73,977.835,1908.46,3088.01,2378.16
1990,4857.8,723.42,3106.12,2503.87,1642.44,1880.75,1123.24,1173.13,914.131,808.88,245.039,841.249,3450.2,2312.99,1185.28,1301.47,3573.1,2492.94
1991,6429.45,777.891,2677.84,2829.74,1663.07,2305.41,1365.23,1286.62,983.18,966.003,215.763,822.855,4059.99,2489.71,1585.24,1530.74,4281.11,2685.29
1992,7653.71,804.735,2523.74,3368.27,1929.38,2684.09,1573.69,1375.71,1073.31,1045.43,127.026,891.443,4624.01,2770.95,1592.06,1562.58,4890.51,2968.5
1993,7796.24,795.05,2787.16,3547.02,2145.63,2926.91,1741.67,1572.84,1216.7,1110.0,149.968,888.614,5636.36,2963.32,1580.21,1487.86,5663.12,2876.08
1994,8378.74,804.712,3495.24,4030.06,2648.35,3110.15,1916.44,1858.32,1380.71,1228.97,405.166,845.738,5841.02,3095.16,1681.4,1839.23,6534.6,2741.98
1995,8295.12,885.679,4851.99,5117.7,2947.97,3336.71,2141.06,1980.37,1585.11,1348.88,630.762,948.437,3920.74,3099.92,1897.13,2147.43,7171.51,3559.77
1996,8645.46,955.574,5204.57,5349.58,3046.79,3277.61,2309.92,2037.13,1684.79,1408.23,639.086,888.005,4405.11,3580.93,2008.19,2193.69,7577.01,3174.63
1997,9196.52,1005.87,5321.14,5743.72,3301.51,3450.91,2495.03,2253.23,1778.84,1559.65,721.54,948.716,5283.08,3791.27,2003.58,2272.35,7925.92,3778.54
1998,9283.18,1057.72,5123.55,5446.55,3001.96,3653.15,2658.54,2257.86,1886.36,1656.36,790.273,1023.4,5477.93,4027.32,1824.65,2141.11,8329.08,3970.43
1999,8709.07,1010.58,3501.44,4952.87,2596.72,3715.41,2674.83,1598.77,1930.62,1527.24,866.152,1003.07,6157.25,4136.06,1706.4,1903.93,7814.55,4133.37
2000,8638.54,1005.41,3772.05,5071.7,2462.51,3941.14,2894.3,1461.84,2001.54,1555.64,811.111,1080.47,7166.14,4111.71,1675.79,1940.24,7405.97,4820.65
2001,8085.36,959.844,3177.94,4572.86,2390.5,4041.94,3007.38,1909.42,2072.3,1654.98,733.909,1120.55,7558.98,4094.97,1577.68,1935.55,6776.82,4963.92
2002,2997.62,914.958,2856.03,4443.76,2354.59,4122.83,3158.39,2180.39,2124.11,1795.75,698.232,1122.06,7607.44,4172.69,1312.08,2017.77,4425.12,3778.26
2003,3761.09,918.468,3089.14,4770.33,2246.96,4227.82,2460.55,2434.98,2209.5,1847.27,566.354,1145.5,7088.46,4312.62,1377.52,2159.74,3926.71,3266.1
2004,4314.1,979.59,3660.02,6193.09,2745.83,4483.59,2540.85,2700.12,2278.43,1951.8,663.841,1204.48,7501.91,4638.72,1693.89,2408.09,4456.8,4312.0
2005,5163.55,1049.06,4819.87,7600.35,3394.81,4756.34,4008.36,3025.01,2428.57,2151.72,766.919,1296.7,8303.99,4965.21,1857.78,2669.21,5637.98,5421.66
2006,5976.08,1240.94,5921.18,9473.01,3727.42,5309.27,4188.72,3351.48,2631.82,2336.91,791.667,1420.13,9102.51,5401.56,2285.13,3106.72,6347.28,6646.8
2007,7315.73,1399.8,7390.65,10507.91,4694.82,6194.05,4803.47,3588.31,2786.16,2556.73,981.079,1572.07,9680.43,6127.03,2988.68,3587.8,7587.88,8538.1
2008,9146.79,1749.2,8878.36,10748.98,5455.54,6993.9,5194.8,4267.47,2933.4,2873.11,1076.97,1727.83,10053.74,7110.23,4047.71,4226.54,9808.92,11079.07
2009,8337.81,1789.6,8649.58,10220.07,5168.38,6879.27,5151.17,4241.94,2858.48,2654.06,1150.29,1777.27,8029.3,7532.4,3621.69,4170.44,10181.7,9557.55
2010,10412.97,1994.91,11333.02,12794.28,6295.29,8268.86,5688.75,4633.25,2983.23,2836.01,1171.39,1891.16,9299.46,8039.76,4326.22,5055.04,12883.88,11158.18
2011,12787.81,2394.79,13295.9,14610.79,7274.74,9270.57,6063.35,5192.88,3266.01,3172.05,1287.94,2081.26,10232.41,9314.69,5295.44,5738.13,15267.78,12180.03
2012,13889.79,2664.57,12424.95,15307.79,7957.83,10107.45,6274.87,5664.89,3428.41,3267.78,1337.34,2144.14,10271.41,10674.49,5155.17,6400.4,16253.47,11993.39
2013,14488.83,2920.52,12358.34,15804.44,8108.78,10764.53,6413.93,6030.5,3509.53,3397.54,1394.11,2102.31,10758.98,11841.89,5905.73,6631.33,18167.35,8695.04
2014,13208.83,3096.84,12175.68,14643.45,7998.83,10853.64,6805.66,6347.0,3589.04,3632.03,1401.9,2205.9,10967.11,12756.95,6050.05,6565.41,18003.22,6747.67
2015,14895.32,3050.65,8846.48,13570.89,6088.67,11635.2,7139.51,6099.35,3705.58,3825.88,1388.96,2302.04,9657.12,13606.6,5353.06,6141.43,16692.65,10568.1
2016,12772.87,3094.99,8757.31,13779.04,5799.62,11986.92,7521.27,6046.3,3805.99,3982.17,1266.77,2341.66,8788.59,14344.09,5259.92,6191.12,16446.23,9092.02
2017,14618.33,3368.76,9978.09,15033.26,6327.38,12185.26,7874.94,6216.61,3910.26,4230.85,1294.28,2451.97,9342.92,15178.3,5609.85,6725.98,18388.31,4725.05
2018,11624.89,3565.5,9194.15,15862.05,6704.75,12412.15,8340.96,6318.48,4067.66,4235.78,1435.25,2484.69,9753.19,15612.33,5725.9,7000.16,18472.83,3404.43
2019,9890.31,3566.42,8932.39,14615.95,6419.48,12599.21,8595.61,6260.6,4186.96,4354.34,1272.62,2550.67,10024.42,15830.98,5332.99,6958.1,17681.21,2299.31
2020,8554.64,3359.73,6783.05,12989.6,5335.59,11982.28,7530.19,5520.36,3794.31,4288.75,1252.87,2382.88,8421.19,12373.05,4946.46,6083.87,15777.96,1690.66
2021,9121.56,3624.15,7010.84,15617.13,5752.67,11805.84,7951.35,5665.18,4031.27,4439.46,1943.44,2585.97,9246.01,13689.51,5145.64,6678.27,15653.11,1541.7
2022,9391.04,3855.82,7643.8,16458.66,6045.22,12318.73,8452.84,5768.78,4193.97,4538.16,1938.64,2677.33,9614.98,14341.92,5390.98,7050.99,16455.23,1501.02
