Country,1980,1981,1982,1983,1984,1985,1986,1987,1988,1989,1990,1991,1992,1993,1994,1995,1996,1997,1998,1999,2000,2001,2002,2003,2004,2005,2006,2007,2008,2009,2010,2011,2012,2013,2014,2015,2016,2017,2018,2019,2020,2021,2022
Argentina,8361.21,6671.43,3257.85,3962.74,4374.78,3248.75,3857.03,3909.98,4524.5,2867.31,4857.8,6429.45,7653.71,7796.24,8378.74,8295.12,8645.46,9196.52,9283.18,8709.07,8638.54,8085.36,2997.62,3761.09,4314.1,5163.55,5976.08,7315.73,9146.79,8337.81,10412.97,12787.81,13889.79,14488.83,13208.83,14895.32,12772.87,14618.33,11624.89,9890.31,8554.64,9121.56,9391.04
Bolivia,695.535,615.66,668.55,619.896,631.152,668.921,640.939,683.624,712.146,715.525,723.42,777.891,804.735,795.05,804.712,885.679,955.574,1005.87,1057.72,1010.58,1005.41,959.844,914.958,918.468,979.59,1049.06,1240.94,1399.8,1749.2,1789.6,1994.91,2394.79,2664.57,2920.52,3096.84,3050.65,3094.99,3368.76,3565.5,3566.42,3359.73,3624.15,3855.82
Brazil,1229.88,1382.55,1446.23,1134.93,1105.85,1719.52,1955.07,2087.45,2289.42,3087.93,3106.12,2677.84,2523.74,2787.16,3495.24,4851.99,5204.57,5321.14,5123.55,3501.44,3772.05,3177.94,2856.03,3089.14,3660.02,4819.87,5921.18,7390.65,8878.36,8649.58,11333.02,13295.9,12424.95,12358.34,12175.68,8846.48,8757.31,9978.09,9194.15,8932.39,6783.05,7010.84,7643.8
Chile,2579.92,3004.73,2204.38,1762.22,1687.02,1424.36,1504.43,1743.88,2021.05,2289.45,2503.87,2829.74,3368.27,3547.02,4030.06,5117.7,5349.58,5743.72,5446.55,4952.87,5071.7,4572.86,4443.76,4770.33,6193.09,7600.35,9473.01,10507.91,10748.98,10220.07,12794.28,14610.79,15307.79,15804.44,14643.45,13570.89,13779.04,15033.26,15862.05,14615.95,12989.6,15617.13,16458.66
Colombia,1634.01,1741.39,1824.79,1775.3,1717.02,1576.93,1547.01,1577.32,1665.56,1645.34,1642.44,1663.07,1929.38,2145.63,2648.35,2947.97,3046.79,3301.51,3001.96,2596.72,2462.51,2390.5,2354.59,2246.96,2745.83,3394.81,3727.42,4694.82,5455.54,5168.38,6295.29,7274.74,7957.83,8108.78,7998.83,6088.67,5799.62,6327.38,6704.75,6419.48,5335.59,5752.67,6045.22
Costa Rica,2108.75,1111.35,1071.94,1257.36,1421.16,1478.37,1611.32,1612.56,1598.04,1763.48,1880.75,2305.41,2684.09,2926.91,3110.15,3336.71,3277.61,3450.91,3653.15,3715.41,3941.14,4041.94,4122.83,4227.82,4483.59,4756.34,5309.27,6194.05,6993.9,6879.27,8268.86,9270.57,10107.45,10764.53,10853.64,11635.2,11986.92,12185.26,12412.15,12599.21,11982.28,11805.84,12318.73
Dominican Republic,1534.32,1677.45,1545.1,1562.13,2397.6,1022.61,1212.35,1245.27,1113.84,1230.74,1123.24,1365.23,1573.69,1741.67,1916.44,2141.06,2309.92,2495.03,2658.54,2674.83,2894.3,3007.38,3158.39,2460.55,2540.85,4008.36,4188.72,4803.47,5194.8,5151.17,5688.75,6063.35,6274.87,6413.93,6805.66,7139.51,7521.27,7874.94,8340.96,8595.61,7530.19,7951.35,8452.84
Ecuador,2097.14,2087.38,2026.38,1732.5,1794.73,2044.31,1461.92,1332.15,1234.67,1182.53,1173.13,1286.62,1375.71,1572.84,1858.32,1980.37,2037.13,2253.23,2257.86,1598.77,1461.84,1909.42,2180.39,2434.98,2700.12,3025.01,3351.48,3588.31,4267.47,4241.94,4633.25,5192.88,5664.89,6030.5,6347.0,6099.35,6046.3,6216.61,6318.48,6260.6,5520.36,5665.18,5768.78
El Salvador,827.158,721.104,706.494,672.516,488.784,471.502,469.937,472.147,543.469,611.47,914.131,983.18,1073.31,1216.7,1380.71,1585.11,1684.79,1778.84,1886.36,1930.62,2001.54,2072.3,2124.11,2209.5,2278.43,2428.57,2631.82,2786.16,2933.4,2858.48,2983.23,3266.01,3428.41,3509.53,3589.04,3705.58,3805.99,3910.26,4067.66,4186.96,3794.31,4031.27,4193.97
Guatemala,1070.29,1140.22,1126.19,1139.96,1163.06,1338.72,705.756,796.958,841.77,946.757,808.88,966.003,1045.43,1110.0,1228.97,1348.88,1408.23,1559.65,1656.36,1527.24,1555.64,1654.98,1795.75,1847.27,1951.8,2151.72,2336.91,2556.73,2873.11,2654.06,2836.01,3172.05,3267.78,3397.54,3632.03,3825.88,3982.17,4230.85,4235.78,4354.34,4288.75,4439.46,4538.16
Haiti,456.873,494.025,504.762,532.208,579.284,631.862,689.611,333.729,216.866,196.47,245.039,215.763,127.026,149.968,405.166,630.762,639.086,721.54,790.273,866.152,811.111,733.909,698.232,566.354,663.841,766.919,791.667,981.079,1076.97,1150.29,1171.39,1287.94,1337.34,1394.11,1401.9,1388.96,1266.77,1294.28,1435.25,1272.62,1252.87,1943.44,1938.64
Honduras,955.25,1017.07,1015.88,1044.2,1092.45,1161.92,1180.46,1249.59,1351.37,1467.03,841.249,822.855,891.443,888.614,845.738,948.437,888.005,948.716,1023.4,1003.07,1080.47,1120.55,1122.06,1145.5,1204.48,1296.7,1420.13,1572.07,1727.83,1777.27,1891.16,2081.26,2144.14,2102.31,2205.9,2302.04,2341.66,2451.97,2484.69,2550.67,2382.88,2585.97,2677.33
Mexico,3383.69,4238.76,3002.23,2390.4,2755.01,2859.22,1937.36,2080.4,2493.82,2979.92,3450.2,4059.99,4624.01,5636.36,5841.02,3920.74,4405.11,5283.08,5477.93,6157.25,7166.14,7558.98,7607.44,7088.46,7501.91,8303.99,9102.51,9680.43,10053.74,8029.3,9299.46,10232.41,10271.41,10758.98,10967.11,9657.12,8788.59,9342.92,9753.19,10024.42,8421.19,9246.01,9614.98
Panama,2071.04,2288.37,2469.14,2477.12,2527.53,2614.79,2658.35,2613.1,2211.67,2171.73,2312.99,2489.71,2770.95,2963.32,3095.16,3099.92,3580.93,3791.27,4027.32,4136.06,4111.71,4094.97,4172.69,4312.62,4638.72,4965.21,5401.56,6127.03,7110.23,7532.4,8039.76,9314.69,10674.49,11841.89,12756.95,13606.6,14344.09,15178.3,15612.33,15830.98,12373.05,13689.51,14341.92
Paraguay,1299.66,1608.46,1636.53,1762.99,1390.89,1154.15,1335.76,1084.7,1392.42,977.835,1185.28,1585.24,1592.06,1580.21,1681.4,1897.13,2008.19,2003.58,1824.65,1706.4,1675.79,1577.68,1312.08,1377.52,1693.89,1857.78,2285.13,2988.68,4047.71,3621.69,4326.22,5295.44,5155.17,5905.73,6050.05,5353.06,5259.92,5609.85,5725.9,5332.99,4946.46,5145.64,5390.98
Peru,1164.83,1373.07,1332.46,1011.73,1018.79,861.599,1263.73,2040.65,1579.55,1908.46,1301.47,1530.74,1562.58,1487.86,1839.23,2147.43,2193.69,2272.35,2141.11,1903.93,1940.24,1935.55,2017.77,2159.74,2408.09,2669.21,3106.72,3587.8,4226.54,4170.44,5055.04,5738.13,6400.4,6631.33,6565.41,6141.43,6191.12,6725.98,7000.16,6958.1,6083.87,6678.27,7050.99
Uruguay,4139.9,4588.98,3727.41,2032.97,1920.9,1865.11,2302.54,2864.7,2946.36,3088.01,3573.1,4281.11,4890.51,5663.12,6534.6,7171.51,7577.01,7925.92,8329.08,7814.55,7405.97,6776.82,4425.12,3926.71,4456.8,5637.98,6347.28,7587.88,9808.92,10181.7,12883.88,15267.78,16253.47,18167.35,18003.22,16692.65,16446.23,18388.31,18472.83,17681.21,15777.96,15653.11,16455.23
Venezuela,4671.08,5085.58,5041.59,4883.23,3447.45,3472.19,3488.56,2619.24,3292.79,2378.16,2492.94,2685.29,2968.5,2876.08,2741.98,3559.77,3174.63,3778.54,3970.43,4133.37,4820.65,4963.92,3778.26,3266.1,4312.0,5421.66,6646.8,8538.1,11079.07,9557.55,11158.18,12180.03,11993.39,8695.04,6747.67,10568.1,9092.02,4725.05,3404.43,2299.31,1690.66,1541.7,1501.02
