,Algeria,Benin,Botswana,Burkina Faso,Cameroon,Central African Republic,Chad,Democratic Republic of the Congo,Republic of Congo,Egypt,Ghana,Guinea,Kenya,Libya,Madagascar,Malawi,Mali,Morocco,Mozambique,Niger,Senegal,Sierra Leone,South Africa,Sudan,Tanzania,Togo,Tunisia,Uganda,Zambia
1980,-5.4,9.255,12.02,4.035,9.9,-2.995,-6.008,2.405,12.678,3.409,0.453,2.601,5.572,0.606,0.788,0.395,3.299,3.792,4.228,4.886,-0.827,-0.56,6.621,2.5,3.266,-2.285,7.4,-3.392,3.854
1981,3.0,1.929,8.154,2.661,17.051,12.954,-10.805,0.945,2.613,2.198,-3.78,0.61,4.1,-20.04,-9.8,-5.245,-4.542,-2.765,5.0,-0.178,5.07,1.878,5.361,6.32,0.5,-3.419,5.522,3.859,6.631
1982,6.4,1.682,15.874,1.4,7.563,-3.572,5.376,-0.454,2.41,7.296,-8.069,1.8,5.052,1.518,-1.9,2.516,-11.557,9.619,-6.9,2.174,7.843,1.78,-0.383,4.127,0.6,-3.708,-0.482,8.205,-2.912
1983,5.4,-2.0,10.793,-1.2,6.844,-6.027,15.659,1.41,2.393,8.876,-6.21,1.3,1.593,-4.709,0.9,3.694,3.229,-0.557,-15.7,-3.864,-5.326,-1.576,-1.847,-1.51,2.4,-5.156,4.674,4.899,-1.145
1984,5.6,0.4,6.517,1.6,7.468,9.912,5.256,4.844,2.375,8.021,9.467,1.4,1.6,-8.306,1.76,5.373,2.419,4.337,-6.5,-16.82,3.746,1.7,5.099,-5.629,3.4,5.881,5.731,-3.0,-1.718
1985,5.6,4.327,7.695,11.3,8.107,3.733,7.897,0.464,2.359,7.425,6.538,5.0,4.073,0.607,1.156,4.571,3.243,6.324,1.0,7.718,3.283,-6.74,-1.211,-0.623,4.6,3.717,5.668,-3.0,1.237
1986,-0.2,2.748,8.616,7.955,6.791,7.193,5.966,4.72,2.343,4.759,5.97,3.114,6.982,-11.353,1.96,-0.215,6.104,8.3,-2.3,6.352,3.113,0.132,0.018,9.933,6.6,3.26,-1.453,0.946,1.698
1987,-0.7,-2.074,14.89,-0.236,-2.153,0.0,3.647,2.671,2.327,4.273,6.693,3.3,5.811,-14.702,1.175,1.625,2.479,-2.544,14.7,0.088,6.094,2.382,2.101,6.462,5.9,-2.484,6.701,4.0,1.491
1988,-1.9,3.428,23.42,5.796,-7.865,1.718,7.544,0.465,21.908,3.994,6.579,6.308,6.091,7.579,3.407,3.177,0.054,10.415,8.2,6.871,-0.592,2.058,4.2,4.292,4.4,10.124,0.071,8.294,9.271
1989,4.8,-2.849,4.665,2.15,-1.77,3.79,1.952,-1.26,21.269,2.993,4.523,4.003,4.554,7.199,4.075,1.345,10.692,2.366,6.5,0.957,3.978,4.952,2.395,1.423,3.8,4.1,2.579,6.403,-3.658
1990,0.8,8.976,8.787,-0.603,-6.161,1.364,3.202,-6.568,1.003,2.35,3.591,4.324,4.134,3.72,3.129,5.692,9.31,4.035,1.0,-1.308,-0.676,1.611,-0.318,0.838,7.045,5.897,7.075,6.497,-0.579
1991,-1.2,4.226,6.237,9.07,-3.764,-0.799,10.402,-8.445,3.402,2.1,4.805,2.497,1.339,15.655,-6.306,8.73,7.68,7.216,6.552,-0.44,2.556,-7.993,-1.018,7.024,2.072,-0.59,4.138,1.778,-0.666
1992,1.6,2.958,-0.208,0.233,-3.05,-4.923,2.392,-10.462,4.181,0.3,4.374,3.273,-1.08,-2.712,1.181,-7.333,-1.562,-2.098,-6.102,2.001,1.243,-9.646,-2.137,5.541,0.584,-3.207,8.009,5.85,2.052
1993,-2.102,5.836,4.027,3.461,-3.158,-1.198,-2.074,-13.468,1.316,2.9,4.748,5.048,-0.095,-3.763,2.1,9.692,3.561,-0.741,10.589,0.323,1.311,0.054,1.234,2.75,1.206,-16.319,2.477,6.686,-0.077
1994,-0.9,2.02,-0.786,1.315,-2.495,12.572,5.494,-6.144,-1.401,4.188,3.519,4.001,2.531,1.935,-0.042,-10.313,3.802,10.588,6.536,1.858,-0.228,3.5,3.234,3.514,1.567,13.93,3.628,7.694,-13.309
1995,3.848,6.045,7.03,5.716,3.304,3.166,-0.775,2.762,3.965,4.484,4.214,4.68,4.287,-12.397,1.679,13.83,2.997,-5.405,2.254,2.454,6.093,-10.025,3.116,8.86,3.571,19.691,2.671,9.174,2.898
1996,3.8,4.324,5.83,11.015,4.912,-6.157,2.115,-1.935,3.495,4.879,4.745,4.462,4.148,2.633,2.154,9.979,7.281,12.373,11.205,0.1,1.874,-24.787,4.307,5.465,4.544,-3.871,6.855,6.595,6.219
1997,1.1,5.735,8.027,6.317,5.314,4.105,5.653,-7.84,-1.004,5.919,5.821,5.182,0.411,-0.607,3.693,6.587,4.797,-1.561,11.3,1.527,2.717,-17.596,2.647,6.057,3.525,3.803,5.725,4.62,3.814
1998,5.1,3.961,0.721,7.308,4.895,3.34,6.952,-3.875,8.95,7.543,4.996,3.644,2.983,-0.377,3.917,1.061,2.926,7.239,9.927,9.975,5.972,-0.837,0.517,8.242,3.708,-2.263,4.963,6.074,-0.386
1999,3.2,4.358,9.667,7.333,4.062,2.887,-0.683,-3.802,-3.678,6.11,4.532,3.812,2.199,0.462,4.699,3.541,6.245,1.081,11.702,-0.222,5.978,-8.122,2.358,4.235,4.84,2.54,6.017,7.953,4.65
2000,3.8,5.858,1.987,1.888,3.553,-3.581,-0.88,-8.136,11.752,5.383,3.624,2.503,0.347,3.681,4.457,0.775,-0.061,1.913,1.189,-1.209,3.887,3.807,4.155,8.385,4.934,-0.97,4.299,3.941,3.897
2001,3.0,5.333,0.25,6.613,4.368,2.609,11.658,-2.1,-4.823,3.524,3.808,3.658,3.979,-1.764,5.98,-4.076,15.376,7.32,12.09,7.269,4.311,18.17,2.735,10.867,5.998,0.82,3.796,8.765,5.317
2002,5.6,4.643,6.07,4.353,4.237,2.091,8.491,2.948,0.985,3.186,4.625,5.165,0.481,-0.959,-12.408,1.76,3.106,3.121,9.29,4.92,0.069,26.425,3.668,5.941,7.164,3.83,1.323,7.057,4.506
2003,7.2,3.444,4.625,7.802,4.567,-2.249,14.722,5.578,0.459,3.193,5.096,1.249,2.949,13.016,9.785,5.706,9.119,5.961,6.926,2.184,5.594,9.327,2.949,6.289,6.886,6.72,4.702,6.159,6.945
2004,4.3,4.43,2.706,4.478,6.781,-0.096,33.629,6.738,-0.197,4.092,5.364,2.34,4.635,4.461,5.257,5.42,1.56,4.797,7.93,0.362,4.643,6.598,4.555,5.136,7.828,-0.98,6.236,5.803,7.032
2005,5.9,1.713,4.556,8.662,2.021,2.931,8.311,6.135,9.211,4.472,6.214,2.997,5.665,11.87,4.756,3.269,6.535,3.292,6.638,7.335,4.31,4.505,5.277,5.648,7.37,-4.67,3.487,10.007,7.236
2006,1.684,3.944,8.364,6.253,3.458,4.754,0.648,5.321,7.986,6.844,5.835,2.497,5.854,6.5,5.399,4.7,4.662,7.575,9.702,5.933,2.331,4.224,5.604,6.531,4.661,2.65,5.244,7.049,7.904
2007,3.373,5.986,8.28,4.111,4.902,4.031,3.272,6.259,-6.614,7.088,4.125,6.512,6.851,6.354,5.711,9.6,3.494,3.532,7.732,3.144,2.827,8.058,5.36,5.735,8.464,-1.18,6.71,8.064,8.352
2008,2.36,4.897,6.242,5.8,3.489,2.613,3.063,6.226,6.306,7.156,8.966,4.142,0.232,-18.121,6.713,7.64,4.773,5.923,7.289,7.733,3.703,5.4,3.191,3.847,5.567,4.06,4.238,10.428,7.774
2009,1.632,2.319,-7.652,2.962,2.199,2.812,4.139,2.855,11.637,4.674,5.546,-1.538,3.307,-2.988,-3.979,8.328,4.679,4.244,6.314,1.963,2.752,3.187,-1.538,-2.768,5.382,5.54,3.043,8.069,9.22
2010,3.616,2.114,8.564,8.446,3.423,4.631,13.598,7.108,9.931,5.147,7.755,4.219,8.402,3.176,0.619,6.874,5.413,3.816,6.488,8.581,3.391,5.347,3.04,3.858,6.359,6.1,3.511,7.484,10.298
2011,2.9,2.964,6.048,6.623,4.129,4.195,0.12,6.875,2.206,1.765,14.198,5.614,6.112,-66.657,1.578,4.854,3.24,5.246,7.404,2.356,1.334,6.312,3.284,-3.214,7.905,6.4,-1.918,7.677,5.565
2012,3.4,4.811,4.456,6.453,4.543,5.054,8.807,7.087,9.947,2.226,8.504,5.915,4.563,124.709,3.011,1.886,-0.836,3.01,7.258,10.542,4.003,15.178,2.213,-17.005,5.141,6.54,4.089,2.333,7.598
2013,2.8,7.191,11.344,5.793,5.404,-36.392,5.753,8.482,-0.712,3.302,7.189,3.934,5.879,-36.829,2.3,5.2,2.295,4.535,6.964,5.311,2.412,20.72,2.485,1.955,6.782,6.11,2.822,3.938,5.057
2014,3.8,6.358,4.149,4.327,5.884,0.08,6.893,9.47,6.717,2.916,2.898,3.708,5.357,-53.017,3.339,5.7,7.085,2.669,7.399,6.644,6.224,4.555,1.847,4.661,6.732,5.92,2.873,5.745,4.698
2015,3.7,1.778,-1.698,3.921,5.651,4.338,1.77,6.916,-3.551,4.372,2.178,3.813,5.718,-13.023,3.132,2.95,6.172,4.536,6.723,4.393,6.367,-20.493,1.194,1.907,6.161,5.74,1.184,7.331,2.92
2016,3.2,3.34,4.304,5.959,4.648,4.75,-5.558,2.399,-10.702,4.347,3.448,10.828,5.879,-7.389,3.993,2.27,5.852,1.06,3.824,5.741,6.356,6.354,0.399,3.464,6.867,5.6,1.229,0.34,3.777
2017,1.3,5.672,2.904,6.156,3.549,4.528,-2.38,3.727,-4.374,4.077,8.144,10.338,4.806,64.014,3.933,4.0,5.305,4.249,3.741,5.001,7.407,3.765,1.415,0.71,6.773,4.348,1.919,7.277,3.504
2018,1.2,6.697,4.479,6.821,4.062,3.82,2.303,5.816,-6.427,5.314,6.264,6.181,6.318,17.879,3.194,3.17,4.746,3.149,3.444,7.204,6.209,3.465,0.787,-2.293,6.959,4.967,2.715,5.966,4.035
2019,0.8,6.866,3.026,5.689,3.855,2.97,2.96,4.38,-0.622,5.558,6.478,5.645,5.366,13.188,4.411,4.5,4.765,2.482,2.284,5.907,4.402,5.508,0.153,-2.536,6.971,5.464,0.981,8.041,1.441
2020,-5.992,1.997,-8.25,0.793,-2.769,-0.015,-0.887,-0.064,-7.813,3.57,0.88,5.225,-0.127,-59.719,-4.239,0.6,-1.983,-7.021,-0.5,1.2,0.828,-2.249,-6.96,-3.63,1.029,0.7,-8.8,-2.104,-3.497
2021,2.864,4.972,7.505,4.256,3.437,3.491,1.768,3.77,0.216,2.473,4.639,5.556,7.56,130.981,3.224,2.2,4.019,4.5,2.1,6.89,5.197,3.038,3.1,0.388,2.658,3.5,3.81,6.346,0.598
2022,2.75,6.006,5.404,5.202,4.303,5.012,2.599,4.866,1.001,5.662,6.104,5.245,5.731,5.441,5.02,6.5,6.0,3.9,4.7,12.804,6.034,3.566,1.97,1.128,4.616,4.5,2.432,4.991,1.053
