Country,1980,1981,1982,1983,1984,1985,1986,1987,1988,1989,1990,1991,1992,1993,1994,1995,1996,1997,1998,1999,2000,2001,2002,2003,2004,2005,2006,2007,2008,2009,2010,2011,2012,2013,2014,2015,2016,2017,2018,2019,2020,2021,2022
Algeria,-5.4,3.0,6.4,5.4,5.6,5.6,-0.2,-0.7,-1.9,4.8,0.8,-1.2,1.6,-2.102,-0.9,3.848,3.8,1.1,5.1,3.2,3.8,3.0,5.6,7.2,4.3,5.9,1.684,3.373,2.36,1.632,3.616,2.9,3.4,2.8,3.8,3.7,3.2,1.3,1.2,0.8,-5.992,2.864,2.75
Benin,9.255,1.929,1.682,-2.0,0.4,4.327,2.748,-2.074,3.428,-2.849,8.976,4.226,2.958,5.836,2.02,6.045,4.324,5.735,3.961,4.358,5.858,5.333,4.643,3.444,4.43,1.713,3.944,5.986,4.897,2.319,2.114,2.964,4.811,7.191,6.358,1.778,3.34,5.672,6.697,6.866,1.997,4.972,6.006
Botswana,12.02,8.154,15.874,10.793,6.517,7.695,8.616,14.89,23.42,4.665,8.787,6.237,-0.208,4.027,-0.786,7.03,5.83,8.027,0.721,9.667,1.987,0.25,6.07,4.625,2.706,4.556,8.364,8.28,6.242,-7.652,8.564,6.048,4.456,11.344,4.149,-1.698,4.304,2.904,4.479,3.026,-8.25,7.505,5.404
Burkina Faso,4.035,2.661,1.4,-1.2,1.6,11.3,7.955,-0.236,5.796,2.15,-0.603,9.07,0.233,3.461,1.315,5.716,11.015,6.317,7.308,7.333,1.888,6.613,4.353,7.802,4.478,8.662,6.253,4.111,5.8,2.962,8.446,6.623,6.453,5.793,4.327,3.921,5.959,6.156,6.821,5.689,0.793,4.256,5.202
Cameroon,9.9,17.051,7.563,6.844,7.468,8.107,6.791,-2.153,-7.865,-1.77,-6.161,-3.764,-3.05,-3.158,-2.495,3.304,4.912,5.314,4.895,4.062,3.553,4.368,4.237,4.567,6.781,2.021,3.458,4.902,3.489,2.199,3.423,4.129,4.543,5.404,5.884,5.651,4.648,3.549,4.062,3.855,-2.769,3.437,4.303
Central African Republic,-2.995,12.954,-3.572,-6.027,9.912,3.733,7.193,0.0,1.718,3.79,1.364,-0.799,-4.923,-1.198,12.572,3.166,-6.157,4.105,3.34,2.887,-3.581,2.609,2.091,-2.249,-0.096,2.931,4.754,4.031,2.613,2.812,4.631,4.195,5.054,-36.392,0.08,4.338,4.75,4.528,3.82,2.97,-0.015,3.491,5.012
Chad,-6.008,-10.805,5.376,15.659,5.256,7.897,5.966,3.647,7.544,1.952,3.202,10.402,2.392,-2.074,5.494,-0.775,2.115,5.653,6.952,-0.683,-0.88,11.658,8.491,14.722,33.629,8.311,0.648,3.272,3.063,4.139,13.598,0.12,8.807,5.753,6.893,1.77,-5.558,-2.38,2.303,2.96,-0.887,1.768,2.599
Democratic Republic of the Congo,2.405,0.945,-0.454,1.41,4.844,0.464,4.72,2.671,0.465,-1.26,-6.568,-8.445,-10.462,-13.468,-6.144,2.762,-1.935,-7.84,-3.875,-3.802,-8.136,-2.1,2.948,5.578,6.738,6.135,5.321,6.259,6.226,2.855,7.108,6.875,7.087,8.482,9.47,6.916,2.399,3.727,5.816,4.38,-0.064,3.77,4.866
Republic of Congo,12.678,2.613,2.41,2.393,2.375,2.359,2.343,2.327,21.908,21.269,1.003,3.402,4.181,1.316,-1.401,3.965,3.495,-1.004,8.95,-3.678,11.752,-4.823,0.985,0.459,-0.197,9.211,7.986,-6.614,6.306,11.637,9.931,2.206,9.947,-0.712,6.717,-3.551,-10.702,-4.374,-6.427,-0.622,-7.813,0.216,1.001
Egypt,3.409,2.198,7.296,8.876,8.021,7.425,4.759,4.273,3.994,2.993,2.35,2.1,0.3,2.9,4.188,4.484,4.879,5.919,7.543,6.11,5.383,3.524,3.186,3.193,4.092,4.472,6.844,7.088,7.156,4.674,5.147,1.765,2.226,3.302,2.916,4.372,4.347,4.077,5.314,5.558,3.57,2.473,5.662
Ghana,0.453,-3.78,-8.069,-6.21,9.467,6.538,5.97,6.693,6.579,4.523,3.591,4.805,4.374,4.748,3.519,4.214,4.745,5.821,4.996,4.532,3.624,3.808,4.625,5.096,5.364,6.214,5.835,4.125,8.966,5.546,7.755,14.198,8.504,7.189,2.898,2.178,3.448,8.144,6.264,6.478,0.88,4.639,6.104
Guinea,2.601,0.61,1.8,1.3,1.4,5.0,3.114,3.3,6.308,4.003,4.324,2.497,3.273,5.048,4.001,4.68,4.462,5.182,3.644,3.812,2.503,3.658,5.165,1.249,2.34,2.997,2.497,6.512,4.142,-1.538,4.219,5.614,5.915,3.934,3.708,3.813,10.828,10.338,6.181,5.645,5.225,5.556,5.245
Kenya,5.572,4.1,5.052,1.593,1.6,4.073,6.982,5.811,6.091,4.554,4.134,1.339,-1.08,-0.095,2.531,4.287,4.148,0.411,2.983,2.199,0.347,3.979,0.481,2.949,4.635,5.665,5.854,6.851,0.232,3.307,8.402,6.112,4.563,5.879,5.357,5.718,5.879,4.806,6.318,5.366,-0.127,7.56,5.731
Libya,0.606,-20.04,1.518,-4.709,-8.306,0.607,-11.353,-14.702,7.579,7.199,3.72,15.655,-2.712,-3.763,1.935,-12.397,2.633,-0.607,-0.377,0.462,3.681,-1.764,-0.959,13.016,4.461,11.87,6.5,6.354,-18.121,-2.988,3.176,-66.657,124.709,-36.829,-53.017,-13.023,-7.389,64.014,17.879,13.188,-59.719,130.981,5.441
Madagascar,0.788,-9.8,-1.9,0.9,1.76,1.156,1.96,1.175,3.407,4.075,3.129,-6.306,1.181,2.1,-0.042,1.679,2.154,3.693,3.917,4.699,4.457,5.98,-12.408,9.785,5.257,4.756,5.399,5.711,6.713,-3.979,0.619,1.578,3.011,2.3,3.339,3.132,3.993,3.933,3.194,4.411,-4.239,3.224,5.02
Malawi,0.395,-5.245,2.516,3.694,5.373,4.571,-0.215,1.625,3.177,1.345,5.692,8.73,-7.333,9.692,-10.313,13.83,9.979,6.587,1.061,3.541,0.775,-4.076,1.76,5.706,5.42,3.269,4.7,9.6,7.64,8.328,6.874,4.854,1.886,5.2,5.7,2.95,2.27,4.0,3.17,4.5,0.6,2.2,6.5
Mali,3.299,-4.542,-11.557,3.229,2.419,3.243,6.104,2.479,0.054,10.692,9.31,7.68,-1.562,3.561,3.802,2.997,7.281,4.797,2.926,6.245,-0.061,15.376,3.106,9.119,1.56,6.535,4.662,3.494,4.773,4.679,5.413,3.24,-0.836,2.295,7.085,6.172,5.852,5.305,4.746,4.765,-1.983,4.019,6.0
Morocco,3.792,-2.765,9.619,-0.557,4.337,6.324,8.3,-2.544,10.415,2.366,4.035,7.216,-2.098,-0.741,10.588,-5.405,12.373,-1.561,7.239,1.081,1.913,7.32,3.121,5.961,4.797,3.292,7.575,3.532,5.923,4.244,3.816,5.246,3.01,4.535,2.669,4.536,1.06,4.249,3.149,2.482,-7.021,4.5,3.9
Mozambique,4.228,5.0,-6.9,-15.7,-6.5,1.0,-2.3,14.7,8.2,6.5,1.0,6.552,-6.102,10.589,6.536,2.254,11.205,11.3,9.927,11.702,1.189,12.09,9.29,6.926,7.93,6.638,9.702,7.732,7.289,6.314,6.488,7.404,7.258,6.964,7.399,6.723,3.824,3.741,3.444,2.284,-0.5,2.1,4.7
Niger,4.886,-0.178,2.174,-3.864,-16.82,7.718,6.352,0.088,6.871,0.957,-1.308,-0.44,2.001,0.323,1.858,2.454,0.1,1.527,9.975,-0.222,-1.209,7.269,4.92,2.184,0.362,7.335,5.933,3.144,7.733,1.963,8.581,2.356,10.542,5.311,6.644,4.393,5.741,5.001,7.204,5.907,1.2,6.89,12.804
Senegal,-0.827,5.07,7.843,-5.326,3.746,3.283,3.113,6.094,-0.592,3.978,-0.676,2.556,1.243,1.311,-0.228,6.093,1.874,2.717,5.972,5.978,3.887,4.311,0.069,5.594,4.643,4.31,2.331,2.827,3.703,2.752,3.391,1.334,4.003,2.412,6.224,6.367,6.356,7.407,6.209,4.402,0.828,5.197,6.034
Sierra Leone,-0.56,1.878,1.78,-1.576,1.7,-6.74,0.132,2.382,2.058,4.952,1.611,-7.993,-9.646,0.054,3.5,-10.025,-24.787,-17.596,-0.837,-8.122,3.807,18.17,26.425,9.327,6.598,4.505,4.224,8.058,5.4,3.187,5.347,6.312,15.178,20.72,4.555,-20.493,6.354,3.765,3.465,5.508,-2.249,3.038,3.566
South Africa,6.621,5.361,-0.383,-1.847,5.099,-1.211,0.018,2.101,4.2,2.395,-0.318,-1.018,-2.137,1.234,3.234,3.116,4.307,2.647,0.517,2.358,4.155,2.735,3.668,2.949,4.555,5.277,5.604,5.36,3.191,-1.538,3.04,3.284,2.213,2.485,1.847,1.194,0.399,1.415,0.787,0.153,-6.96,3.1,1.97
Sudan,2.5,6.32,4.127,-1.51,-5.629,-0.623,9.933,6.462,4.292,1.423,0.838,7.024,5.541,2.75,3.514,8.86,5.465,6.057,8.242,4.235,8.385,10.867,5.941,6.289,5.136,5.648,6.531,5.735,3.847,-2.768,3.858,-3.214,-17.005,1.955,4.661,1.907,3.464,0.71,-2.293,-2.536,-3.63,0.388,1.128
Tanzania,3.266,0.5,0.6,2.4,3.4,4.6,6.6,5.9,4.4,3.8,7.045,2.072,0.584,1.206,1.567,3.571,4.544,3.525,3.708,4.84,4.934,5.998,7.164,6.886,7.828,7.37,4.661,8.464,5.567,5.382,6.359,7.905,5.141,6.782,6.732,6.161,6.867,6.773,6.959,6.971,1.029,2.658,4.616
Togo,-2.285,-3.419,-3.708,-5.156,5.881,3.717,3.26,-2.484,10.124,4.1,5.897,-0.59,-3.207,-16.319,13.93,19.691,-3.871,3.803,-2.263,2.54,-0.97,0.82,3.83,6.72,-0.98,-4.67,2.65,-1.18,4.06,5.54,6.1,6.4,6.54,6.11,5.92,5.74,5.6,4.348,4.967,5.464,0.7,3.5,4.5
Tunisia,7.4,5.522,-0.482,4.674,5.731,5.668,-1.453,6.701,0.071,2.579,7.075,4.138,8.009,2.477,3.628,2.671,6.855,5.725,4.963,6.017,4.299,3.796,1.323,4.702,6.236,3.487,5.244,6.71,4.238,3.043,3.511,-1.918,4.089,2.822,2.873,1.184,1.229,1.919,2.715,0.981,-8.8,3.81,2.432
Uganda,-3.392,3.859,8.205,4.899,-3.0,-3.0,0.946,4.0,8.294,6.403,6.497,1.778,5.85,6.686,7.694,9.174,6.595,4.62,6.074,7.953,3.941,8.765,7.057,6.159,5.803,10.007,7.049,8.064,10.428,8.069,7.484,7.677,2.333,3.938,5.745,7.331,0.34,7.277,5.966,8.041,-2.104,6.346,4.991
Zambia,3.854,6.631,-2.912,-1.145,-1.718,1.237,1.698,1.491,9.271,-3.658,-0.579,-0.666,2.052,-0.077,-13.309,2.898,6.219,3.814,-0.386,4.65,3.897,5.317,4.506,6.945,7.032,7.236,7.904,8.352,7.774,9.22,10.298,5.565,7.598,5.057,4.698,2.92,3.777,3.504,4.035,1.441,-3.497,0.598,1.053
