,Argentina,Bolivia,Brazil,Chile,Colombia,Costa Rica,Dominican Republic,Ecuador,El Salvador,Guatemala,Haiti,Honduras,Mexico,Nicaragua,Panama,Paraguay,Peru,Uruguay
1980,1.291,0.08,4.269,0.287,0.587,0.061,0.103,0.195,0.076,0.144,0.072,0.038,3.025,0.046,0.052,0.083,0.403,0.102
1981,1.196,0.079,4.013,0.3,0.591,0.059,0.105,0.199,0.07,0.142,0.071,0.039,3.228,0.048,0.056,0.089,0.418,0.102
1982,1.156,0.076,4.028,0.259,0.595,0.055,0.107,0.201,0.066,0.137,0.069,0.038,3.205,0.047,0.059,0.088,0.416,0.092
1983,1.171,0.071,3.798,0.245,0.59,0.055,0.109,0.191,0.065,0.13,0.067,0.037,3.019,0.048,0.055,0.083,0.368,0.087
1984,1.144,0.068,3.832,0.249,0.584,0.057,0.106,0.19,0.063,0.125,0.064,0.037,2.991,0.046,0.054,0.082,0.366,0.082
1985,1.028,0.064,3.994,0.245,0.582,0.055,0.1,0.192,0.061,0.12,0.062,0.037,2.953,0.042,0.055,0.082,0.361,0.081
1986,1.064,0.06,4.15,0.25,0.595,0.056,0.1,0.191,0.059,0.116,0.06,0.036,2.765,0.04,0.055,0.08,0.391,0.085
1987,1.051,0.06,4.141,0.257,0.604,0.057,0.106,0.173,0.059,0.116,0.058,0.037,2.709,0.039,0.052,0.08,0.405,0.088
1988,0.986,0.059,3.973,0.264,0.601,0.056,0.104,0.183,0.057,0.115,0.056,0.037,2.625,0.032,0.043,0.081,0.351,0.086
1989,0.885,0.059,3.955,0.281,0.6,0.057,0.105,0.177,0.056,0.116,0.053,0.037,2.636,0.031,0.042,0.083,0.293,0.084
1990,0.839,0.059,3.641,0.28,0.601,0.057,0.095,0.175,0.056,0.115,0.051,0.036,2.664,0.03,0.044,0.083,0.268,0.081
1991,0.905,0.061,3.593,0.295,0.601,0.057,0.094,0.18,0.056,0.115,0.05,0.036,2.711,0.029,0.047,0.084,0.267,0.081
1992,0.899,0.056,3.221,0.295,0.565,0.056,0.094,0.168,0.054,0.109,0.044,0.034,2.528,0.026,0.046,0.077,0.239,0.079
1993,0.936,0.057,3.305,0.309,0.585,0.059,0.099,0.168,0.056,0.11,0.041,0.036,2.547,0.025,0.047,0.079,0.247,0.08
1994,0.963,0.058,3.381,0.315,0.598,0.06,0.098,0.17,0.056,0.111,0.035,0.034,2.596,0.026,0.047,0.081,0.269,0.083
1995,0.902,0.058,3.406,0.331,0.607,0.06,0.1,0.168,0.057,0.111,0.037,0.034,2.347,0.026,0.046,0.083,0.279,0.079
1996,0.917,0.059,3.352,0.341,0.596,0.058,0.102,0.164,0.055,0.11,0.038,0.034,2.413,0.027,0.048,0.081,0.276,0.08
1997,0.953,0.059,3.332,0.352,0.593,0.059,0.107,0.165,0.055,0.11,0.037,0.034,2.478,0.027,0.049,0.081,0.283,0.081
1998,0.963,0.061,3.254,0.357,0.58,0.062,0.111,0.166,0.055,0.112,0.037,0.034,2.537,0.027,0.051,0.079,0.274,0.082
1999,0.899,0.059,3.16,0.344,0.537,0.062,0.114,0.153,0.054,0.113,0.037,0.033,2.52,0.028,0.051,0.076,0.269,0.077
2000,0.852,0.058,3.148,0.345,0.528,0.062,0.114,0.147,0.052,0.11,0.035,0.034,2.523,0.028,0.05,0.07,0.264,0.072
2001,0.795,0.057,3.117,0.348,0.524,0.062,0.114,0.149,0.052,0.11,0.034,0.034,2.454,0.028,0.049,0.068,0.259,0.068
2002,0.689,0.057,3.123,0.349,0.522,0.063,0.116,0.151,0.051,0.112,0.034,0.034,2.385,0.028,0.049,0.066,0.265,0.062
2003,0.721,0.056,3.035,0.349,0.521,0.063,0.11,0.149,0.05,0.11,0.033,0.034,2.325,0.027,0.049,0.066,0.266,0.061
2004,0.746,0.056,3.049,0.356,0.522,0.062,0.107,0.154,0.048,0.108,0.031,0.035,2.295,0.027,0.05,0.066,0.265,0.06
2005,0.775,0.055,3.003,0.359,0.521,0.062,0.112,0.154,0.047,0.106,0.031,0.035,2.241,0.027,0.051,0.064,0.269,0.061
2006,0.795,0.055,2.965,0.362,0.528,0.063,0.116,0.153,0.046,0.106,0.03,0.036,2.224,0.027,0.053,0.064,0.274,0.061
2007,0.823,0.055,2.985,0.361,0.535,0.065,0.118,0.148,0.045,0.107,0.03,0.036,2.159,0.027,0.056,0.064,0.283,0.061
2008,0.832,0.056,3.049,0.363,0.537,0.066,0.118,0.153,0.044,0.108,0.03,0.036,2.123,0.027,0.06,0.066,0.3,0.064
2009,0.786,0.059,3.057,0.359,0.546,0.066,0.12,0.155,0.044,0.109,0.032,0.036,2.018,0.026,0.061,0.066,0.304,0.067
2010,0.822,0.058,3.122,0.361,0.541,0.066,0.123,0.152,0.042,0.106,0.029,0.035,2.015,0.026,0.062,0.07,0.313,0.068
2011,0.837,0.059,3.118,0.368,0.556,0.066,0.122,0.158,0.042,0.107,0.03,0.035,2.006,0.026,0.066,0.07,0.32,0.069
2012,0.819,0.061,2.994,0.374,0.553,0.067,0.118,0.159,0.041,0.107,0.028,0.035,2.01,0.026,0.07,0.064,0.318,0.067
2013,0.809,0.066,2.983,0.375,0.563,0.068,0.119,0.167,0.041,0.107,0.028,0.035,1.965,0.027,0.076,0.069,0.322,0.067
2014,0.771,0.069,2.924,0.371,0.573,0.071,0.126,0.171,0.042,0.109,0.028,0.037,1.994,0.028,0.082,0.069,0.32,0.068
2015,0.779,0.07,2.709,0.366,0.567,0.074,0.136,0.161,0.043,0.115,0.028,0.04,2.005,0.03,0.09,0.069,0.319,0.067
2016,0.766,0.072,2.544,0.358,0.582,0.079,0.145,0.158,0.044,0.113,0.028,0.041,2.063,0.031,0.097,0.071,0.327,0.067
2017,0.854,0.077,2.481,0.359,0.575,0.08,0.145,0.16,0.044,0.11,0.027,0.043,2.032,0.032,0.103,0.071,0.328,0.065
2018,0.804,0.078,2.44,0.36,0.57,0.079,0.149,0.157,0.044,0.11,0.026,0.043,2.006,0.029,0.103,0.071,0.329,0.063
2019,0.767,0.078,2.41,0.354,0.573,0.079,0.153,0.153,0.044,0.111,0.025,0.043,1.953,0.027,0.103,0.069,0.328,0.062
2020,0.715,0.074,2.395,0.345,0.554,0.078,0.148,0.146,0.041,0.113,0.025,0.041,1.857,0.028,0.088,0.071,0.302,0.06
2021,0.715,0.074,2.345,0.346,0.55,0.075,0.147,0.142,0.041,0.112,0.024,0.041,1.841,0.026,0.093,0.07,0.309,0.059
2022,0.702,0.074,2.304,0.344,0.546,0.075,0.148,0.138,0.04,0.111,0.023,0.04,1.817,0.026,0.093,0.069,0.312,0.058
