Country,1980,1981,1982,1983,1984,1985,1986,1987,1988,1989,1990,1991,1992,1993,1994,1995,1996,1997,1998,1999,2000,2001,2002,2003,2004,2005,2006,2007,2008,2009,2010,2011,2012,2013,2014,2015,2016,2017,2018,2019,2020,2021,2022
Argentina,233.696,189.802,94.25,116.267,130.544,98.599,118.565,121.561,142.386,91.352,158.024,211.979,255.787,264.429,287.835,288.497,304.282,327.436,334.244,316.998,317.759,300.421,112.458,142.431,164.911,199.273,232.892,287.921,363.545,334.633,424.729,527.644,579.666,611.471,563.614,642.464,556.774,643.861,517.244,444.458,388.279,418.15,434.809
Bolivia,3.589,3.44,3.813,3.609,3.752,4.059,3.97,4.323,4.598,4.716,4.868,5.343,5.643,5.734,5.97,6.702,7.375,7.917,8.49,8.269,8.385,8.155,7.917,8.092,8.785,9.573,11.52,13.216,16.792,17.464,19.786,24.135,27.282,30.883,33.237,33.241,34.189,37.782,40.581,41.193,39.381,43.11,46.546
Brazil,145.819,167.583,179.166,143.652,142.957,226.938,263.256,286.539,320.105,439.434,455.335,399.249,382.465,429.184,546.764,770.86,851.146,883.862,864.307,599.642,655.454,559.982,509.798,558.232,669.29,891.633,1107.63,1397.11,1695.86,1669.2,2208.7,2614.03,2464.05,2471.72,2456.06,1800.05,1796.62,2063.52,1916.93,1877.11,1434.08,1491.77,1636.41
Chile,28.828,34.133,25.45,20.673,20.104,17.238,18.531,21.856,25.765,29.679,32.998,37.981,46.27,49.505,57.113,73.599,78.023,84.908,81.561,75.097,77.817,70.971,69.73,75.643,99.226,123.0,154.864,173.569,179.484,172.526,218.321,252.097,267.021,278.346,260.472,243.888,250.326,276.9,297.436,279.27,252.756,307.938,327.9
Colombia,46.482,50.64,54.23,53.898,53.235,48.561,48.628,50.619,54.57,55.026,56.048,57.931,68.551,77.689,97.625,110.518,116.083,127.438,117.677,103.09,99.229,97.566,97.313,94.033,116.335,145.6,161.793,206.23,242.504,232.469,286.499,334.966,370.692,382.094,381.24,293.492,282.72,311.889,334.124,323.375,271.463,295.61,313.438
Costa Rica,4.854,2.636,2.619,3.162,3.678,3.941,4.425,4.554,4.636,5.25,5.737,7.197,8.566,9.586,10.489,11.578,11.683,12.618,13.688,14.259,15.016,15.979,16.584,17.277,18.615,20.049,22.717,26.885,30.802,30.746,37.656,42.762,47.231,50.949,52.017,56.442,58.847,60.517,62.338,63.946,61.45,61.178,64.503
Dominican Republic,8.672,9.698,9.141,9.461,14.87,6.496,7.891,8.305,7.605,8.589,7.995,9.887,11.605,13.081,14.645,16.637,18.242,20.017,21.672,22.137,24.306,25.602,27.249,21.518,22.506,35.948,37.998,44.067,48.206,48.319,53.921,58.088,60.747,62.758,67.264,71.254,75.777,80.082,85.63,89.032,78.731,83.917,90.05
Ecuador,16.84,17.243,17.214,15.129,16.101,18.83,13.816,12.91,12.277,12.049,12.236,13.73,15.012,17.537,21.147,22.968,24.035,27.009,27.474,19.74,18.319,24.468,28.549,32.433,36.592,41.507,46.802,51.008,61.763,62.52,69.555,79.277,87.925,95.13,101.726,99.29,99.938,104.296,107.562,108.108,96.665,100.595,103.874
El Salvador,3.912,3.449,3.406,3.261,2.385,2.319,2.335,2.374,2.771,3.167,4.818,5.252,5.813,6.68,7.679,8.922,9.586,10.222,10.937,11.284,11.785,12.283,12.664,13.244,13.725,14.698,16.0,17.012,17.987,17.602,18.448,20.284,21.386,21.991,22.593,23.438,24.191,24.979,26.117,27.023,24.609,26.277,27.474
Guatemala,7.718,8.431,8.539,8.864,9.276,10.951,5.921,6.857,7.426,8.561,7.493,9.161,10.15,11.032,12.501,14.04,14.993,16.981,18.441,17.391,18.124,19.736,21.924,23.092,24.977,28.179,31.308,35.028,40.242,37.996,41.492,47.419,49.902,52.989,57.835,62.18,66.034,71.583,73.121,76.694,77.073,81.402,84.901
Haiti,2.685,2.956,3.074,3.3,3.656,4.06,4.511,2.223,1.461,1.351,1.72,1.542,0.926,1.115,3.079,4.885,5.041,5.794,6.46,7.206,6.865,6.318,6.112,5.041,6.006,7.052,7.398,9.316,10.389,11.271,11.655,13.009,13.709,14.5,14.789,14.856,13.732,14.214,15.965,14.334,14.286,22.431,22.644
Honduras,3.508,3.855,3.97,4.207,4.538,4.976,5.207,5.678,6.324,7.065,4.169,4.195,4.675,4.794,4.693,5.415,5.217,5.736,6.366,6.417,7.104,7.566,7.775,8.14,8.772,9.672,10.842,12.275,13.79,14.486,15.73,17.65,18.527,18.497,19.755,20.978,21.714,23.137,23.857,24.921,23.691,26.161,27.561
Mexico,228.606,293.61,213.077,173.714,204.86,217.388,150.513,165.058,201.926,246.079,290.402,348.139,403.733,500.795,527.811,360.096,410.973,500.416,526.522,600.225,707.909,756.693,772.11,729.335,782.243,877.477,975.383,1052.7,1109.99,900.047,1057.8,1180.49,1201.09,1274.44,1315.36,1171.87,1078.49,1158.91,1222.35,1268.87,1076.16,1192.48,1251.09
Nicaragua,1.832,2.156,2.497,2.9,3.966,3.854,5.8,3.409,1.499,2.082,0.519,3.678,3.894,3.726,3.861,4.14,4.308,4.39,4.635,4.856,5.109,5.335,5.224,5.322,5.793,6.321,6.764,7.423,8.497,8.297,8.759,9.774,10.532,10.983,11.88,12.757,13.286,13.786,13.064,12.535,12.146,12.283,12.676
Panama,4.104,4.645,5.132,5.269,5.5,5.818,6.046,6.073,5.25,5.264,5.723,6.292,7.153,7.812,8.33,8.515,10.04,10.849,11.762,12.326,12.502,12.704,13.204,13.915,15.255,16.638,18.438,21.296,25.156,27.117,29.44,34.686,40.43,45.6,49.921,54.092,57.908,62.203,64.928,66.788,52.938,59.377,63.039
Paraguay,4.095,5.22,5.47,6.069,4.931,4.214,5.032,4.216,5.584,4.046,4.904,6.984,7.158,7.249,7.871,9.062,9.788,9.965,9.26,8.837,8.856,8.496,7.196,7.691,9.624,10.738,13.43,17.856,24.577,22.341,27.108,33.696,33.308,38.736,40.277,36.164,36.054,39.009,40.385,38.145,35.875,37.836,40.183
Peru,20.19,24.398,24.259,18.863,19.442,16.823,25.241,41.681,32.978,40.699,28.326,33.988,35.377,34.33,43.225,51.38,53.412,56.281,53.918,48.719,50.414,51.034,53.954,58.537,66.126,74.232,87.459,102.187,121.754,121.493,148.931,170.983,192.882,202.091,202.308,191.316,194.95,214.061,225.141,230.746,203.772,225.918,240.911
Uruguay,12.165,13.578,11.1,6.093,5.794,5.662,7.029,8.794,9.098,9.589,11.156,13.445,15.451,17.999,20.965,23.152,24.613,26.044,27.587,26.066,24.804,22.712,14.809,13.109,14.892,18.901,21.314,25.486,32.988,34.395,43.763,52.103,55.692,62.499,62.178,57.874,57.237,64.234,64.765,62.212,55.711,55.459,58.497
Venezuela,69.841,78.367,79.998,79.672,57.826,59.865,60.877,46.854,60.378,44.672,48.391,53.382,60.4,59.865,58.357,77.427,70.536,85.684,91.836,97.517,117.596,123.119,95.258,83.684,112.254,143.375,178.521,232.857,306.764,268.624,318.281,352.54,352.191,258.993,203.822,323.595,279.249,143.841,98.4,63.96,47.255,42.53,40.403
