,Argentina,Bolivia,Brazil,Chile,Colombia,Costa Rica,Dominican Republic,Ecuador,El Salvador,Guatemala,Haiti,Honduras,Mexico,Nicaragua,Panama,Paraguay,Peru,Uruguay,Venezuela
1980,233.696,3.589,145.819,28.828,46.482,4.854,8.672,16.84,3.912,7.718,2.685,3.508,228.606,1.832,4.104,4.095,20.19,12.165,69.841
1981,189.802,3.44,167.583,34.133,50.64,2.636,9.698,17.243,3.449,8.431,2.956,3.855,293.61,2.156,4.645,5.22,24.398,13.578,78.367
1982,94.25,3.813,179.166,25.45,54.23,2.619,9.141,17.214,3.406,8.539,3.074,3.97,213.077,2.497,5.132,5.47,24.259,11.1,79.998
1983,116.267,3.609,143.652,20.673,53.898,3.162,9.461,15.129,3.261,8.864,3.3,4.207,173.714,2.9,5.269,6.069,18.863,6.093,79.672
1984,130.544,3.752,142.957,20.104,53.235,3.678,14.87,16.101,2.385,9.276,3.656,4.538,204.86,3.966,5.5,4.931,19.442,5.794,57.826
1985,98.599,4.059,226.938,17.238,48.561,3.941,6.496,18.83,2.319,10.951,4.06,4.976,217.388,3.854,5.818,4.214,16.823,5.662,59.865
1986,118.565,3.97,263.256,18.531,48.628,4.425,7.891,13.816,2.335,5.921,4.511,5.207,150.513,5.8,6.046,5.032,25.241,7.029,60.877
1987,121.561,4.323,286.539,21.856,50.619,4.554,8.305,12.91,2.374,6.857,2.223,5.678,165.058,3.409,6.073,4.216,41.681,8.794,46.854
1988,142.386,4.598,320.105,25.765,54.57,4.636,7.605,12.277,2.771,7.426,1.461,6.324,201.926,1.499,5.25,5.584,32.978,9.098,60.378
1989,91.352,4.716,439.434,29.679,55.026,5.25,8.589,12.049,3.167,8.561,1.351,7.065,246.079,2.082,5.264,4.046,40.699,9.589,44.672
1990,158.024,4.868,455.335,32.998,56.048,5.737,7.995,12.236,4.818,7.493,1.72,4.169,290.402,0.519,5.723,4.904,28.326,11.156,48.391
1991,211.979,5.343,399.249,37.981,57.931,7.197,9.887,13.73,5.252,9.161,1.542,4.195,348.139,3.678,6.292,6.984,33.988,13.445,53.382
1992,255.787,5.643,382.465,46.27,68.551,8.566,11.605,15.012,5.813,10.15,0.926,4.675,403.733,3.894,7.153,7.158,35.377,15.451,60.4
1993,264.429,5.734,429.184,49.505,77.689,9.586,13.081,17.537,6.68,11.032,1.115,4.794,500.795,3.726,7.812,7.249,34.33,17.999,59.865
1994,287.835,5.97,546.764,57.113,97.625,10.489,14.645,21.147,7.679,12.501,3.079,4.693,527.811,3.861,8.33,7.871,43.225,20.965,58.357
1995,288.497,6.702,770.86,73.599,110.518,11.578,16.637,22.968,8.922,14.04,4.885,5.415,360.096,4.14,8.515,9.062,51.38,23.152,77.427
1996,304.282,7.375,851.146,78.023,116.083,11.683,18.242,24.035,9.586,14.993,5.041,5.217,410.973,4.308,10.04,9.788,53.412,24.613,70.536
1997,327.436,7.917,883.862,84.908,127.438,12.618,20.017,27.009,10.222,16.981,5.794,5.736,500.416,4.39,10.849,9.965,56.281,26.044,85.684
1998,334.244,8.49,864.307,81.561,117.677,13.688,21.672,27.474,10.937,18.441,6.46,6.366,526.522,4.635,11.762,9.26,53.918,27.587,91.836
1999,316.998,8.269,599.642,75.097,103.09,14.259,22.137,19.74,11.284,17.391,7.206,6.417,600.225,4.856,12.326,8.837,48.719,26.066,97.517
2000,317.759,8.385,655.454,77.817,99.229,15.016,24.306,18.319,11.785,18.124,6.865,7.104,707.909,5.109,12.502,8.856,50.414,24.804,117.596
2001,300.421,8.155,559.982,70.971,97.566,15.979,25.602,24.468,12.283,19.736,6.318,7.566,756.693,5.335,12.704,8.496,51.034,22.712,123.119
2002,112.458,7.917,509.798,69.73,97.313,16.584,27.249,28.549,12.664,21.924,6.112,7.775,772.11,5.224,13.204,7.196,53.954,14.809,95.258
2003,142.431,8.092,558.232,75.643,94.033,17.277,21.518,32.433,13.244,23.092,5.041,8.14,729.335,5.322,13.915,7.691,58.537,13.109,83.684
2004,164.911,8.785,669.29,99.226,116.335,18.615,22.506,36.592,13.725,24.977,6.006,8.772,782.243,5.793,15.255,9.624,66.126,14.892,112.254
2005,199.273,9.573,891.633,123.0,145.6,20.049,35.948,41.507,14.698,28.179,7.052,9.672,877.477,6.321,16.638,10.738,74.232,18.901,143.375
2006,232.892,11.52,1107.63,154.864,161.793,22.717,37.998,46.802,16.0,31.308,7.398,10.842,975.383,6.764,18.438,13.43,87.459,21.314,178.521
2007,287.921,13.216,1397.11,173.569,206.23,26.885,44.067,51.008,17.012,35.028,9.316,12.275,1052.7,7.423,21.296,17.856,102.187,25.486,232.857
2008,363.545,16.792,1695.86,179.484,242.504,30.802,48.206,61.763,17.987,40.242,10.389,13.79,1109.99,8.497,25.156,24.577,121.754,32.988,306.764
2009,334.633,17.464,1669.2,172.526,232.469,30.746,48.319,62.52,17.602,37.996,11.271,14.486,900.047,8.297,27.117,22.341,121.493,34.395,268.624
2010,424.729,19.786,2208.7,218.321,286.499,37.656,53.921,69.555,18.448,41.492,11.655,15.73,1057.8,8.759,29.44,27.108,148.931,43.763,318.281
2011,527.644,24.135,2614.03,252.097,334.966,42.762,58.088,79.277,20.284,47.419,13.009,17.65,1180.49,9.774,34.686,33.696,170.983,52.103,352.54
2012,579.666,27.282,2464.05,267.021,370.692,47.231,60.747,87.925,21.386,49.902,13.709,18.527,1201.09,10.532,40.43,33.308,192.882,55.692,352.191
2013,611.471,30.883,2471.72,278.346,382.094,50.949,62.758,95.13,21.991,52.989,14.5,18.497,1274.44,10.983,45.6,38.736,202.091,62.499,258.993
2014,563.614,33.237,2456.06,260.472,381.24,52.017,67.264,101.726,22.593,57.835,14.789,19.755,1315.36,11.88,49.921,40.277,202.308,62.178,203.822
2015,642.464,33.241,1800.05,243.888,293.492,56.442,71.254,99.29,23.438,62.18,14.856,20.978,1171.87,12.757,54.092,36.164,191.316,57.874,323.595
2016,556.774,34.189,1796.62,250.326,282.72,58.847,75.777,99.938,24.191,66.034,13.732,21.714,1078.49,13.286,57.908,36.054,194.95,57.237,279.249
2017,643.861,37.782,2063.52,276.9,311.889,60.517,80.082,104.296,24.979,71.583,14.214,23.137,1158.91,13.786,62.203,39.009,214.061,64.234,143.841
2018,517.244,40.581,1916.93,297.436,334.124,62.338,85.63,107.562,26.117,73.121,15.965,23.857,1222.35,13.064,64.928,40.385,225.141,64.765,98.4
2019,444.458,41.193,1877.11,279.27,323.375,63.946,89.032,108.108,27.023,76.694,14.334,24.921,1268.87,12.535,66.788,38.145,230.746,62.212,63.96
2020,388.279,39.381,1434.08,252.756,271.463,61.45,78.731,96.665,24.609,77.073,14.286,23.691,1076.16,12.146,52.938,35.875,203.772,55.711,47.255
2021,418.15,43.11,1491.77,307.938,295.61,61.178,83.917,100.595,26.277,81.402,22.431,26.161,1192.48,12.283,59.377,37.836,225.918,55.459,42.53
2022,434.809,46.546,1636.41,327.9,313.438,64.503,90.05,103.874,27.474,84.901,22.644,27.561,1251.09,12.676,63.039,40.183,240.911,58.497,40.403
