Country,1980,1981,1982,1983,1984,1985,1986,1987,1988,1989,1990,1991,1992,1993,1994,1995,1996,1997,1998,1999,2000,2001,2002,2003,2004,2005,2006,2007,2008,2009,2010,2011,2012,2013,2014,2015,2016,2017,2018,2019,2020,2021,2022
Algeria,2268.61,2305.51,2254.33,2316.68,2432.72,2753.7,2698.92,2705.11,2143.74,2127.87,2473.51,1819.98,1873.42,1894.95,1542.97,1499.14,1643.27,1658.73,1633.09,1630.07,1794.7,1768.58,1806.86,2128.39,2636.31,3141.03,3508.96,3986.56,4943.5,3886.06,4480.72,5453.89,5575.65,5477.06,5466.33,4153.32,3918.94,4079.65,4118.74,3939.54,3262.58,3363.97,3278.13
Angola,745.119,679.02,661.52,671.804,693.779,758.525,690.446,769.563,812.794,920.268,986.639,928.506,695.059,489.755,346.239,419.529,525.403,599.077,493.041,452.677,652.11,619.697,841.42,951.969,1222.04,1862.42,2561.86,3099.09,4081.69,3146.8,3641.44,4716.25,5245.02,5436.52,5625.74,4354.92,3676.83,4303.69,3620.59,2974.13,2012.15,2080.35,2081.71
Benin,633.148,413.922,397.573,340.867,352.495,370.342,462.434,535.192,544.339,491.147,580.414,573.656,615.86,579.433,389.725,506.863,533.492,497.342,519.561,552.37,512.9,518.071,574.524,711.107,798.382,823.24,856.1,966.317,1125.3,1087.58,1037.38,1130.07,1145.87,1251.23,1291.74,1076.91,1086.99,1136.19,1240.84,1218.28,1250.87,1387.6,1484.41
Botswana,1199.22,1039.43,1057.51,1126.87,1079.24,968.951,1267.15,1915.11,2398.68,2584.23,2750.81,2673.59,2684.21,2629.78,2755.72,2984.19,3006.15,3025.7,2841.93,3173.69,3301.21,3090.26,3017.72,4119.41,4840.81,5338.24,5352.87,5676.26,5641.18,5183.69,6374.99,7637.77,7898.91,7231.39,7784.72,6811.43,7249.31,7883.16,8290.26,7979.01,6780.72,7816.98,8233.76
Burkina Faso,349.672,297.167,270.123,240.72,209.724,225.945,288.783,327.429,352.096,342.864,395.875,389.6,406.069,376.711,220.468,265.238,280.453,258.109,287.604,300.311,255.082,267.099,294.457,374.534,418.187,458.187,473.475,535.126,643.334,623.497,648.365,751.041,758.481,787.482,793.051,653.393,687.48,738.014,820.533,774.873,790.968,876.031,928.709
Cameroon,930.182,1024.0,955.191,937.11,964.514,981.176,1244.63,1401.71,1382.9,1196.77,1161.86,1256.8,1117.82,1132.11,748.0,690.153,748.158,735.872,714.919,708.662,631.788,651.44,708.445,866.493,1010.49,1013.55,1063.14,1195.79,1377.15,1318.56,1287.57,1404.85,1355.4,1465.66,1543.03,1327.64,1363.95,1424.6,1535.19,1501.87,1469.91,1649.01,1722.37
Central African Republic,313.369,316.495,298.747,279.719,265.441,340.227,431.342,465.181,490.939,474.879,539.656,502.896,489.786,418.922,268.106,340.988,298.443,285.804,296.103,290.99,238.505,242.794,260.865,310.302,336.409,356.688,381.315,427.313,485.807,482.648,492.078,551.028,566.199,380.304,424.67,377.476,402.053,450.744,488.563,479.846,489.869,552.343,590.847
Chad,163.554,189.349,178.888,174.759,182.983,192.956,230.715,253.529,287.003,262.413,306.217,293.844,296.666,251.096,196.901,233.418,250.861,232.968,254.121,215.939,188.139,223.102,250.264,330.959,513.888,661.203,712.529,803.018,932.601,805.798,895.354,985.629,970.738,982.92,1024.84,776.105,700.558,671.18,713.034,685.677,653.98,740.829,762.001
Democratic Republic of the Congo,2730.69,2301.28,2422.24,1891.28,1221.72,1080.9,1174.02,1076.0,1206.85,1188.85,1192.38,1120.91,973.197,1222.44,639.608,601.803,750.736,642.729,461.123,410.453,397.025,146.542,171.076,171.505,189.173,215.172,248.176,280.397,316.269,289.689,326.681,379.705,417.545,450.642,479.602,490.698,459.14,456.398,553.329,573.513,540.534,587.596,600.927
Republic of Congo,1362.75,1083.72,916.547,808.393,721.033,717.264,951.697,1121.61,1157.52,1150.77,1310.37,1326.74,1398.92,1249.63,839.501,973.005,1097.23,967.806,823.561,949.351,1268.42,1037.33,1109.28,1255.57,1617.33,2058.3,2436.38,2586.3,3346.18,2722.04,3597.96,4175.34,4607.39,4559.73,4438.24,2873.72,2395.18,2555.44,3007.47,2745.8,2185.58,2505.11,2514.05
Egypt,580.042,617.659,711.351,846.388,925.97,1049.33,1132.46,1585.22,1858.03,2266.44,1870.85,923.843,825.448,897.202,968.914,1098.09,1209.49,1327.41,1454.96,1518.2,1636.75,1566.2,1355.28,1252.4,1195.6,1331.36,1563.74,1862.16,2271.23,2578.88,2922.8,3077.34,3379.01,3404.34,3520.36,3731.18,3653.67,2484.54,2577.27,3056.98,3586.97,3831.88,4092.99
Ethiopia,215.178,215.599,220.557,237.661,217.423,246.507,247.981,256.699,257.56,262.233,269.082,287.651,293.35,176.465,151.965,142.808,154.564,147.254,129.859,121.551,128.621,123.892,116.452,120.601,138.282,164.937,198.696,244.495,326.82,351.341,324.285,361.829,493.321,535.264,613.101,702.767,790.82,829.313,852.011,968.253,994.197,951.757,926.207
Gabon,6093.62,5376.62,4930.53,4619.02,4346.39,4478.47,5735.36,4245.96,4581.14,4899.23,6815.63,5993.32,6015.51,5677.62,4293.94,4956.84,5552.92,5068.09,4161.62,4222.73,4477.32,4065.93,4210.28,5015.6,5837.62,6942.7,7271.09,8652.15,10418.28,7856.85,8933.31,10893.46,9903.41,9760.75,9746.79,7453.11,7082.22,7370.35,8220.5,8111.34,7421.18,8601.49,8683.77
Ghana,3570.71,5637.65,6416.82,4218.44,1409.56,1223.26,1106.51,906.981,941.734,935.965,1056.16,1154.36,1114.48,883.346,792.681,914.593,948.536,945.095,1001.89,1011.73,606.325,630.333,714.162,858.799,970.473,1147.61,1315.82,1516.07,1677.39,1462.82,1745.56,2123.67,2184.41,2389.77,1962.66,1753.85,1941.46,2037.95,2216.84,2220.82,2222.91,2373.88,2485.42
Kenya,642.425,583.33,541.934,483.997,485.547,467.701,538.202,569.354,570.355,546.95,553.621,506.664,484.072,326.53,379.917,468.385,515.795,508.98,566.155,500.113,479.199,479.748,474.715,524.883,549.056,621.342,744.251,895.2,978.062,982.018,1036.26,1054.97,1248.07,1331.52,1451.57,1483.48,1561.86,1737.8,1888.2,2004.42,2039.05,2129.31,2214.09
Libya,13031.83,10762.56,10247.11,9371.01,8411.48,8319.67,6524.78,5815.61,5795.81,5881.53,7193.54,7776.95,7703.53,6780.86,6192.59,6882.21,7372.45,7424.95,5980.04,7067.88,7388.14,6485.16,3833.57,4831.42,5988.39,8467.72,9659.64,11711.14,12570.87,8524.77,11417.42,5402.25,12693.64,8282.15,3876.41,2723.37,2907.46,4685.07,6361.58,6055.46,3280.83,3616.57,3821.92
Madagascar,594.73,529.787,518.939,495.274,402.08,380.975,423.6,304.151,293.209,283.399,338.948,272.525,301.997,320.564,269.561,284.823,354.742,297.115,297.254,279.921,293.607,334.442,319.216,368.797,284.488,319.537,338.751,438.655,536.352,467.54,471.959,531.266,518.155,541.069,530.863,467.235,476.226,515.935,533.197,539.953,501.756,521.485,551.078
Malawi,326.983,318.032,295.582,298.052,284.324,254.768,251.755,232.783,251.93,272.96,298.716,371.869,300.049,343.226,197.546,227.197,363.682,414.359,264.97,261.557,250.462,240.396,272.824,245.144,259.727,267.785,284.729,306.9,358.416,405.62,442.765,493.843,359.588,317.471,343.979,353.507,294.756,325.01,350.441,377.721,406.65,431.581,434.462
Mali,286.454,234.094,202.848,191.946,187.734,185.325,252.941,290.159,287.28,345.974,388.428,388.675,390.518,379.876,283.342,357.517,356.398,326.082,329.648,332.428,278.381,316.848,346.478,405.693,454.971,505.371,540.589,617.829,720.606,724.186,733.666,863.348,802.465,828.742,873.51,773.945,804.081,854.976,922.55,907.218,897.287,983.379,1046.28
Morocco,1132.09,895.782,881.181,778.036,695.127,685.329,884.05,952.577,1102.83,1109.29,1248.81,1310.61,1343.36,1239.05,1369.64,1479.28,1612.85,1442.43,1519.17,1492.18,1373.92,1376.53,1453.94,1768.6,1999.13,2063.31,2242.73,2549.88,2946.93,2922.59,2896.56,3111.54,2979.74,3200.48,3259.72,2964.96,2995.68,3147.1,3353.1,3363.61,3158.32,3414.83,3580.82
Mozambique,380.089,288.2,287.662,252.441,258.813,338.551,395.831,179.063,157.663,164.179,260.104,266.627,180.033,178.025,184.324,185.169,252.887,294.176,324.179,333.087,294.943,282.673,291.215,314.694,371.304,405.139,427.955,471.128,549.706,518.466,469.47,574.873,631.76,641.085,647.499,570.129,415.18,445.192,484.87,487.687,449.63,424.911,441.525
Niger,609.433,510.028,458.113,395.659,310.002,295.81,378.695,430.394,426.027,394.734,435.341,394.9,393.718,343.177,211.016,241.954,243.965,224.475,250.234,231.66,197.275,207.769,227.424,267.409,285.388,320.923,335.334,389.256,477.27,462.267,476.062,511.488,528.918,551.554,562.885,484.171,497.882,517.771,572.564,553.905,565.867,632.633,710.329
Senegal,767.971,677.895,645.371,559.501,529.935,563.25,773.089,902.227,865.667,828.149,936.147,894.484,930.567,852.609,560.956,693.417,706.865,642.569,686.369,689.683,614.003,648.446,680.83,831.623,931.745,993.237,1027.79,1197.55,1403.8,1307.52,1272.62,1366.53,1318.61,1372.69,1397.02,1219.37,1269.55,1361.22,1458.73,1430.21,1459.51,1622.02,1724.58
Sierra Leone,479.601,501.744,552.581,469.374,539.979,450.535,330.043,281.362,451.564,405.247,219.455,261.748,228.231,259.186,308.752,295.71,318.646,286.074,223.939,218.906,205.251,228.033,251.704,265.323,264.775,285.106,323.259,360.425,409.443,391.213,401.835,448.324,566.37,716.148,713.53,592.903,525.948,495.812,533.972,527.026,526.514,541.873,533.433
South Africa,2853.53,2865.01,2561.74,2783.1,2400.34,1792.07,2003.02,2570.27,2704.74,2753.51,3140.34,3289.04,3481.42,3390.85,3446.84,3752.38,3499.2,3555.71,3159.39,3087.27,3039.04,2659.48,2496.99,3744.26,4838.95,5383.76,5610.63,6091.65,5765.55,5880.32,7311.74,7997.07,7487.85,6824.45,6429.83,5731.73,5266.88,6119.89,6353.85,5977.95,5067.15,5443.94,5599.9
Sudan,486.908,339.389,239.807,318.513,375.019,253.184,328.588,516.781,404.705,696.391,87.197,95.292,113.476,186.506,205.922,239.507,292.909,350.723,366.582,352.442,422.316,492.676,554.652,635.575,772.939,996.677,1249.77,1599.6,1700.51,1401.24,1637.42,2034.46,1396.29,1462.58,1628.5,1679.07,1638.51,1172.97,854.872,776.549,775.043,787.443,769.398
Tanzania,602.924,699.181,778.244,772.741,682.028,596.872,732.197,350.129,324.721,271.496,211.031,237.573,213.148,190.679,195.663,221.366,266.49,307.987,370.188,370.918,380.08,377.469,382.354,401.069,428.927,459.757,491.056,551.781,683.137,693.025,732.315,768.16,867.857,970.348,1030.74,947.897,966.29,1002.87,1036.93,1079.68,1090.39,1103.61,1139.13
Togo,732.896,588.837,478.885,439.533,388.995,393.789,533.68,607.02,655.62,625.669,734.496,709.22,728.16,543.291,411.811,530.121,563.018,555.862,509.651,495.79,409.01,395.012,442.768,535.373,557.462,548.803,550.519,606.783,736.985,728.529,721.036,791.925,771.891,838.357,864.996,770.358,802.935,830.458,902.15,893.18,904.675,1016.13,1075.95
Tunisia,1482.82,1390.41,1309.9,1322.84,1286.6,1271.85,1312.23,1382.41,1411.51,1386.02,1636.64,1687.19,1973.45,1814.88,1903.85,2156.45,2299.38,2210.81,2295.19,2388.99,2213.95,2254.91,2345.99,2762.05,3112.91,3194.48,3371.54,3778.89,4308.91,4131.02,4140.47,4256.84,4137.57,4198.85,4274.47,3829.5,3665.68,3436.2,3442.69,3324.13,3322.93,3683.08,3835.96
Uganda,664.574,1044.13,703.042,779.82,581.032,514.181,494.509,768.935,767.651,599.952,472.193,238.48,216.036,247.107,346.255,401.893,401.413,423.918,402.455,370.515,355.466,347.812,361.953,361.772,430.758,483.032,527.739,634.361,784.496,815.808,808.713,872.039,950.56,964.833,960.698,773.284,808.445,833.033,878.22,948.891,912.442,971.983,1025.06
Zambia,718.795,718.743,672.013,562.441,448.532,412.851,276.151,332.268,543.316,561.832,509.752,446.778,424.949,405.587,405.544,410.542,378.71,440.701,352.627,330.283,340.164,376.986,376.468,429.01,530.54,691.554,1030.69,1103.69,1365.93,1135.01,1456.05,1635.17,1724.63,1839.33,1726.65,1310.46,1254.12,1500.96,1480.42,1272.24,981.311,974.271,952.125
