,Algeria,Angola,Benin,Botswana,Burkina Faso,Cameroon,Central African Republic,Chad,Democratic Republic of the Congo,Republic of Congo,Egypt,Ethiopia,Gabon,Ghana,Guinea,Kenya,Libya,Madagascar,Malawi,Mali,Morocco,Mozambique,Niger,Senegal,Sierra Leone,South Africa,Sudan,Tanzania,Togo,Tunisia,Uganda,Zambia
1980,0.671,0.081,0.027,0.014,0.019,0.077,0.008,0.014,0.152,0.023,0.662,0.079,0.05,0.096,0.021,0.116,0.811,0.066,0.018,0.029,0.217,0.018,0.03,0.045,0.021,1.009,0.151,0.078,0.02,0.103,0.044,0.058
1981,0.68,0.077,0.027,0.015,0.019,0.089,0.008,0.012,0.151,0.023,0.666,0.077,0.047,0.09,0.02,0.119,0.637,0.059,0.016,0.027,0.207,0.019,0.03,0.047,0.021,1.045,0.158,0.077,0.019,0.107,0.045,0.061
1982,0.722,0.076,0.027,0.017,0.02,0.096,0.008,0.013,0.15,0.024,0.713,0.078,0.049,0.083,0.021,0.125,0.646,0.058,0.017,0.024,0.227,0.017,0.031,0.05,0.021,1.039,0.164,0.078,0.019,0.106,0.049,0.059
1983,0.743,0.078,0.026,0.018,0.019,0.1,0.007,0.014,0.148,0.024,0.757,0.082,0.048,0.076,0.02,0.124,0.601,0.057,0.017,0.024,0.22,0.014,0.029,0.046,0.02,0.995,0.158,0.078,0.017,0.108,0.05,0.057
1984,0.752,0.079,0.025,0.019,0.018,0.103,0.008,0.015,0.149,0.023,0.784,0.077,0.049,0.08,0.02,0.121,0.528,0.055,0.017,0.024,0.22,0.013,0.023,0.046,0.02,1.002,0.143,0.077,0.017,0.11,0.046,0.054
1985,0.767,0.079,0.025,0.02,0.02,0.107,0.008,0.015,0.144,0.023,0.814,0.066,0.05,0.082,0.02,0.121,0.513,0.054,0.017,0.023,0.226,0.013,0.024,0.046,0.018,0.957,0.137,0.078,0.017,0.112,0.044,0.053
1986,0.739,0.078,0.025,0.021,0.021,0.111,0.008,0.016,0.146,0.023,0.823,0.07,0.047,0.084,0.02,0.125,0.439,0.053,0.017,0.024,0.237,0.012,0.024,0.046,0.017,0.924,0.145,0.08,0.017,0.107,0.042,0.052
1987,0.707,0.079,0.024,0.023,0.02,0.104,0.008,0.016,0.144,0.022,0.827,0.076,0.038,0.086,0.02,0.128,0.361,0.052,0.016,0.024,0.222,0.013,0.024,0.047,0.017,0.909,0.149,0.082,0.016,0.11,0.043,0.051
1988,0.664,0.08,0.023,0.027,0.02,0.092,0.008,0.016,0.139,0.026,0.823,0.073,0.038,0.088,0.02,0.13,0.371,0.051,0.016,0.023,0.235,0.014,0.024,0.045,0.017,0.906,0.149,0.082,0.017,0.105,0.044,0.053
1989,0.671,0.077,0.022,0.027,0.02,0.087,0.008,0.016,0.132,0.03,0.817,0.07,0.042,0.089,0.02,0.131,0.384,0.052,0.016,0.024,0.232,0.014,0.023,0.045,0.017,0.895,0.146,0.082,0.017,0.104,0.045,0.049
1990,0.65,0.072,0.023,0.028,0.019,0.078,0.007,0.016,0.119,0.03,0.804,0.069,0.043,0.088,0.02,0.131,0.383,0.051,0.016,0.025,0.232,0.014,0.022,0.043,0.016,0.857,0.141,0.084,0.018,0.107,0.046,0.047
1991,0.627,0.078,0.023,0.029,0.02,0.074,0.007,0.017,0.106,0.03,0.801,0.063,0.044,0.09,0.02,0.129,0.432,0.047,0.017,0.027,0.242,0.014,0.022,0.043,0.015,0.829,0.147,0.084,0.017,0.109,0.046,0.046
1992,0.574,0.079,0.022,0.026,0.018,0.064,0.006,0.016,0.086,0.028,0.724,0.052,0.039,0.085,0.019,0.115,0.379,0.043,0.014,0.024,0.214,0.012,0.02,0.039,0.012,0.73,0.14,0.076,0.015,0.106,0.044,0.042
1993,0.551,0.085,0.022,0.027,0.018,0.061,0.006,0.015,0.073,0.028,0.73,0.057,0.039,0.087,0.02,0.113,0.357,0.043,0.015,0.024,0.208,0.013,0.02,0.039,0.012,0.725,0.141,0.075,0.012,0.106,0.046,0.041
1994,0.53,0.092,0.022,0.026,0.018,0.058,0.006,0.015,0.066,0.027,0.739,0.058,0.04,0.088,0.02,0.113,0.354,0.041,0.013,0.024,0.223,0.013,0.019,0.037,0.012,0.727,0.142,0.074,0.014,0.107,0.048,0.035
1995,0.531,0.098,0.023,0.027,0.018,0.058,0.006,0.015,0.066,0.027,0.745,0.059,0.04,0.088,0.02,0.113,0.299,0.041,0.015,0.024,0.204,0.013,0.019,0.038,0.01,0.723,0.149,0.074,0.016,0.106,0.051,0.034
1996,0.531,0.105,0.023,0.027,0.02,0.058,0.006,0.014,0.062,0.027,0.752,0.065,0.04,0.089,0.02,0.114,0.296,0.04,0.015,0.025,0.221,0.014,0.018,0.038,0.007,0.726,0.151,0.075,0.014,0.109,0.052,0.035
1997,0.516,0.108,0.023,0.028,0.02,0.059,0.006,0.015,0.055,0.025,0.766,0.064,0.041,0.09,0.02,0.11,0.282,0.04,0.016,0.025,0.209,0.015,0.018,0.037,0.006,0.717,0.154,0.074,0.014,0.111,0.052,0.035
1998,0.528,0.11,0.024,0.028,0.021,0.06,0.006,0.015,0.051,0.027,0.802,0.06,0.041,0.092,0.02,0.11,0.274,0.04,0.016,0.025,0.218,0.016,0.019,0.038,0.006,0.701,0.163,0.075,0.014,0.113,0.054,0.034
1999,0.526,0.109,0.024,0.029,0.022,0.061,0.006,0.015,0.048,0.025,0.823,0.061,0.036,0.093,0.021,0.109,0.266,0.041,0.016,0.026,0.213,0.017,0.019,0.039,0.005,0.694,0.164,0.076,0.014,0.116,0.056,0.034
2000,0.521,0.107,0.024,0.029,0.021,0.06,0.005,0.014,0.042,0.027,0.827,0.064,0.034,0.092,0.02,0.104,0.263,0.041,0.015,0.025,0.207,0.017,0.017,0.039,0.005,0.69,0.169,0.076,0.013,0.115,0.056,0.034
2001,0.524,0.109,0.025,0.028,0.022,0.061,0.005,0.015,0.04,0.025,0.836,0.067,0.034,0.094,0.02,0.106,0.252,0.042,0.014,0.028,0.217,0.018,0.018,0.04,0.006,0.692,0.183,0.079,0.013,0.117,0.059,0.035
2002,0.538,0.12,0.025,0.029,0.022,0.062,0.005,0.016,0.04,0.024,0.839,0.066,0.033,0.095,0.021,0.103,0.243,0.036,0.014,0.028,0.218,0.02,0.019,0.039,0.007,0.697,0.189,0.082,0.013,0.115,0.062,0.036
2003,0.555,0.119,0.025,0.029,0.023,0.062,0.005,0.017,0.041,0.023,0.832,0.062,0.032,0.096,0.02,0.102,0.264,0.038,0.014,0.029,0.222,0.02,0.018,0.039,0.007,0.69,0.193,0.084,0.013,0.116,0.063,0.037
2004,0.549,0.125,0.025,0.028,0.023,0.063,0.005,0.022,0.041,0.022,0.823,0.066,0.031,0.096,0.02,0.101,0.262,0.038,0.014,0.028,0.221,0.021,0.017,0.039,0.008,0.685,0.193,0.086,0.012,0.117,0.063,0.037
2005,0.555,0.137,0.024,0.028,0.024,0.061,0.005,0.023,0.042,0.023,0.82,0.071,0.029,0.098,0.019,0.102,0.28,0.038,0.014,0.029,0.217,0.021,0.018,0.039,0.008,0.688,0.194,0.088,0.011,0.116,0.066,0.038
2006,0.536,0.146,0.024,0.029,0.024,0.06,0.005,0.022,0.042,0.024,0.832,0.075,0.027,0.098,0.019,0.103,0.283,0.038,0.014,0.029,0.222,0.022,0.018,0.038,0.007,0.69,0.197,0.088,0.011,0.115,0.067,0.039
2007,0.526,0.158,0.024,0.03,0.024,0.06,0.005,0.021,0.042,0.021,0.846,0.08,0.027,0.097,0.019,0.104,0.285,0.038,0.014,0.028,0.218,0.022,0.018,0.037,0.008,0.69,0.197,0.091,0.01,0.117,0.069,0.04
2008,0.524,0.17,0.024,0.031,0.025,0.06,0.005,0.022,0.043,0.022,0.881,0.087,0.027,0.103,0.019,0.102,0.227,0.039,0.015,0.029,0.225,0.023,0.018,0.037,0.008,0.692,0.199,0.093,0.01,0.118,0.074,0.042
2009,0.534,0.172,0.025,0.029,0.025,0.062,0.005,0.023,0.045,0.024,0.926,0.096,0.027,0.109,0.019,0.105,0.221,0.038,0.016,0.03,0.235,0.025,0.019,0.038,0.008,0.684,0.194,0.098,0.011,0.123,0.081,0.046
2010,0.526,0.172,0.024,0.03,0.026,0.061,0.005,0.024,0.046,0.026,0.924,0.1,0.027,0.111,0.019,0.108,0.217,0.036,0.017,0.03,0.232,0.025,0.019,0.038,0.008,0.67,0.192,0.099,0.011,0.12,0.082,0.048
2011,0.52,0.171,0.024,0.03,0.027,0.061,0.005,0.023,0.047,0.025,0.904,0.107,0.028,0.122,0.019,0.11,0.069,0.035,0.017,0.03,0.234,0.026,0.019,0.037,0.008,0.664,0.178,0.103,0.011,0.114,0.085,0.049
2012,0.497,0.186,0.024,0.028,0.027,0.061,0.005,0.022,0.046,0.029,0.957,0.112,0.027,0.132,0.018,0.112,0.148,0.034,0.016,0.028,0.226,0.026,0.021,0.037,0.009,0.636,0.138,0.096,0.011,0.111,0.077,0.049
2013,0.474,0.19,0.025,0.029,0.027,0.063,0.003,0.02,0.051,0.027,0.944,0.117,0.026,0.133,0.019,0.12,0.095,0.034,0.017,0.028,0.225,0.026,0.02,0.036,0.011,0.636,0.135,0.098,0.011,0.107,0.076,0.051
2014,0.464,0.202,0.027,0.031,0.027,0.066,0.003,0.021,0.058,0.026,0.904,0.136,0.027,0.136,0.018,0.129,0.049,0.034,0.016,0.03,0.21,0.027,0.02,0.037,0.012,0.627,0.154,0.1,0.012,0.106,0.077,0.05
2015,0.429,0.184,0.027,0.03,0.028,0.068,0.003,0.023,0.062,0.02,0.956,0.15,0.026,0.128,0.019,0.145,0.044,0.034,0.015,0.032,0.222,0.031,0.021,0.039,0.01,0.625,0.153,0.105,0.012,0.103,0.076,0.049
2016,0.408,0.177,0.028,0.032,0.031,0.071,0.003,0.021,0.066,0.016,0.915,0.168,0.025,0.121,0.021,0.154,0.044,0.035,0.015,0.034,0.22,0.033,0.021,0.04,0.011,0.613,0.191,0.111,0.013,0.101,0.075,0.048
2017,0.399,0.179,0.028,0.031,0.032,0.072,0.003,0.02,0.071,0.018,0.873,0.177,0.025,0.12,0.024,0.167,0.057,0.033,0.015,0.034,0.217,0.03,0.021,0.041,0.01,0.595,0.154,0.11,0.013,0.099,0.074,0.048
2018,0.39,0.17,0.029,0.032,0.033,0.072,0.003,0.02,0.072,0.016,0.888,0.184,0.025,0.123,0.025,0.172,0.065,0.033,0.015,0.035,0.216,0.03,0.021,0.042,0.01,0.579,0.146,0.114,0.013,0.098,0.076,0.049
2019,0.383,0.164,0.03,0.032,0.034,0.073,0.003,0.02,0.074,0.016,0.913,0.195,0.025,0.127,0.025,0.176,0.071,0.034,0.015,0.035,0.216,0.03,0.022,0.042,0.01,0.565,0.138,0.119,0.013,0.097,0.079,0.048
2020,0.373,0.163,0.032,0.03,0.036,0.074,0.004,0.02,0.076,0.015,0.98,0.215,0.026,0.133,0.028,0.182,0.03,0.033,0.016,0.036,0.208,0.031,0.023,0.044,0.01,0.545,0.138,0.124,0.014,0.091,0.081,0.048
2021,0.363,0.155,0.031,0.031,0.035,0.072,0.004,0.019,0.075,0.014,0.948,0.207,0.024,0.132,0.028,0.185,0.065,0.033,0.015,0.035,0.205,0.03,0.023,0.044,0.01,0.531,0.131,0.12,0.014,0.09,0.081,0.046
2022,0.357,0.152,0.032,0.031,0.036,0.072,0.004,0.019,0.075,0.014,0.96,0.215,0.024,0.134,0.028,0.187,0.066,0.033,0.016,0.036,0.204,0.03,0.025,0.045,0.01,0.518,0.127,0.121,0.014,0.088,0.081,0.044
