,Algeria,Angola,Benin,Botswana,Burkina Faso,Cameroon,Central African Republic,Chad,Democratic Republic of the Congo,Republic of Congo,Egypt,Ethiopia,Gabon,Ghana,Kenya,Libya,Madagascar,Malawi,Mali,Morocco,Mozambique,Niger,Senegal,Sierra Leone,South Africa,Sudan,Tanzania,Togo,Tunisia,Uganda,Zambia
1980,2268.61,745.119,633.148,1199.22,349.672,930.182,313.369,163.554,2730.69,1362.75,580.042,215.178,6093.62,3570.71,642.425,13031.83,594.73,326.983,286.454,1132.09,380.089,609.433,767.971,479.601,2853.53,486.908,602.924,732.896,1482.82,664.574,718.795
1981,2305.51,679.02,413.922,1039.43,297.167,1024.0,316.495,189.349,2301.28,1083.72,617.659,215.599,5376.62,5637.65,583.33,10762.56,529.787,318.032,234.094,895.782,288.2,510.028,677.895,501.744,2865.01,339.389,699.181,588.837,1390.41,1044.13,718.743
1982,2254.33,661.52,397.573,1057.51,270.123,955.191,298.747,178.888,2422.24,916.547,711.351,220.557,4930.53,6416.82,541.934,10247.11,518.939,295.582,202.848,881.181,287.662,458.113,645.371,552.581,2561.74,239.807,778.244,478.885,1309.9,703.042,672.013
1983,2316.68,671.804,340.867,1126.87,240.72,937.11,279.719,174.759,1891.28,808.393,846.388,237.661,4619.02,4218.44,483.997,9371.01,495.274,298.052,191.946,778.036,252.441,395.659,559.501,469.374,2783.1,318.513,772.741,439.533,1322.84,779.82,562.441
1984,2432.72,693.779,352.495,1079.24,209.724,964.514,265.441,182.983,1221.72,721.033,925.97,217.423,4346.39,1409.56,485.547,8411.48,402.08,284.324,187.734,695.127,258.813,310.002,529.935,539.979,2400.34,375.019,682.028,388.995,1286.6,581.032,448.532
1985,2753.7,758.525,370.342,968.951,225.945,981.176,340.227,192.956,1080.9,717.264,1049.33,246.507,4478.47,1223.26,467.701,8319.67,380.975,254.768,185.325,685.329,338.551,295.81,563.25,450.535,1792.07,253.184,596.872,393.789,1271.85,514.181,412.851
1986,2698.92,690.446,462.434,1267.15,288.783,1244.63,431.342,230.715,1174.02,951.697,1132.46,247.981,5735.36,1106.51,538.202,6524.78,423.6,251.755,252.941,884.05,395.831,378.695,773.089,330.043,2003.02,328.588,732.197,533.68,1312.23,494.509,276.151
1987,2705.11,769.563,535.192,1915.11,327.429,1401.71,465.181,253.529,1076.0,1121.61,1585.22,256.699,4245.96,906.981,569.354,5815.61,304.151,232.783,290.159,952.577,179.063,430.394,902.227,281.362,2570.27,516.781,350.129,607.02,1382.41,768.935,332.268
1988,2143.74,812.794,544.339,2398.68,352.096,1382.9,490.939,287.003,1206.85,1157.52,1858.03,257.56,4581.14,941.734,570.355,5795.81,293.209,251.93,287.28,1102.83,157.663,426.027,865.667,451.564,2704.74,404.705,324.721,655.62,1411.51,767.651,543.316
1989,2127.87,920.268,491.147,2584.23,342.864,1196.77,474.879,262.413,1188.85,1150.77,2266.44,262.233,4899.23,935.965,546.95,5881.53,283.399,272.96,345.974,1109.29,164.179,394.734,828.149,405.247,2753.51,696.391,271.496,625.669,1386.02,599.952,561.832
1990,2473.51,986.639,580.414,2750.81,395.875,1161.86,539.656,306.217,1192.38,1310.37,1870.85,269.082,6815.63,1056.16,553.621,7193.54,338.948,298.716,388.428,1248.81,260.104,435.341,936.147,219.455,3140.34,87.197,211.031,734.496,1636.64,472.193,509.752
1991,1819.98,928.506,573.656,2673.59,389.6,1256.8,502.896,293.844,1120.91,1326.74,923.843,287.651,5993.32,1154.36,506.664,7776.95,272.525,371.869,388.675,1310.61,266.627,394.9,894.484,261.748,3289.04,95.292,237.573,709.22,1687.19,238.48,446.778
1992,1873.42,695.059,615.86,2684.21,406.069,1117.82,489.786,296.666,973.197,1398.92,825.448,293.35,6015.51,1114.48,484.072,7703.53,301.997,300.049,390.518,1343.36,180.033,393.718,930.567,228.231,3481.42,113.476,213.148,728.16,1973.45,216.036,424.949
1993,1894.95,489.755,579.433,2629.78,376.711,1132.11,418.922,251.096,1222.44,1249.63,897.202,176.465,5677.62,883.346,326.53,6780.86,320.564,343.226,379.876,1239.05,178.025,343.177,852.609,259.186,3390.85,186.506,190.679,543.291,1814.88,247.107,405.587
1994,1542.97,346.239,389.725,2755.72,220.468,748.0,268.106,196.901,639.608,839.501,968.914,151.965,4293.94,792.681,379.917,6192.59,269.561,197.546,283.342,1369.64,184.324,211.016,560.956,308.752,3446.84,205.922,195.663,411.811,1903.85,346.255,405.544
1995,1499.14,419.529,506.863,2984.19,265.238,690.153,340.988,233.418,601.803,973.005,1098.09,142.808,4956.84,914.593,468.385,6882.21,284.823,227.197,357.517,1479.28,185.169,241.954,693.417,295.71,3752.38,239.507,221.366,530.121,2156.45,401.893,410.542
1996,1643.27,525.403,533.492,3006.15,280.453,748.158,298.443,250.861,750.736,1097.23,1209.49,154.564,5552.92,948.536,515.795,7372.45,354.742,363.682,356.398,1612.85,252.887,243.965,706.865,318.646,3499.2,292.909,266.49,563.018,2299.38,401.413,378.71
1997,1658.73,599.077,497.342,3025.7,258.109,735.872,285.804,232.968,642.729,967.806,1327.41,147.254,5068.09,945.095,508.98,7424.95,297.115,414.359,326.082,1442.43,294.176,224.475,642.569,286.074,3555.71,350.723,307.987,555.862,2210.81,423.918,440.701
1998,1633.09,493.041,519.561,2841.93,287.604,714.919,296.103,254.121,461.123,823.561,1454.96,129.859,4161.62,1001.89,566.155,5980.04,297.254,264.97,329.648,1519.17,324.179,250.234,686.369,223.939,3159.39,366.582,370.188,509.651,2295.19,402.455,352.627
1999,1630.07,452.677,552.37,3173.69,300.311,708.662,290.99,215.939,410.453,949.351,1518.2,121.551,4222.73,1011.73,500.113,7067.88,279.921,261.557,332.428,1492.18,333.087,231.66,689.683,218.906,3087.27,352.442,370.918,495.79,2388.99,370.515,330.283
2000,1794.7,652.11,512.9,3301.21,255.082,631.788,238.505,188.139,397.025,1268.42,1636.75,128.621,4477.32,606.325,479.199,7388.14,293.607,250.462,278.381,1373.92,294.943,197.275,614.003,205.251,3039.04,422.316,380.08,409.01,2213.95,355.466,340.164
2001,1768.58,619.697,518.071,3090.26,267.099,651.44,242.794,223.102,146.542,1037.33,1566.2,123.892,4065.93,630.333,479.748,6485.16,334.442,240.396,316.848,1376.53,282.673,207.769,648.446,228.033,2659.48,492.676,377.469,395.012,2254.91,347.812,376.986
2002,1806.86,841.42,574.524,3017.72,294.457,708.445,260.865,250.264,171.076,1109.28,1355.28,116.452,4210.28,714.162,474.715,3833.57,319.216,272.824,346.478,1453.94,291.215,227.424,680.83,251.704,2496.99,554.652,382.354,442.768,2345.99,361.953,376.468
2003,2128.39,951.969,711.107,4119.41,374.534,866.493,310.302,330.959,171.505,1255.57,1252.4,120.601,5015.6,858.799,524.883,4831.42,368.797,245.144,405.693,1768.6,314.694,267.409,831.623,265.323,3744.26,635.575,401.069,535.373,2762.05,361.772,429.01
2004,2636.31,1222.04,798.382,4840.81,418.187,1010.49,336.409,513.888,189.173,1617.33,1195.6,138.282,5837.62,970.473,549.056,5988.39,284.488,259.727,454.971,1999.13,371.304,285.388,931.745,264.775,4838.95,772.939,428.927,557.462,3112.91,430.758,530.54
2005,3141.03,1862.42,823.24,5338.24,458.187,1013.55,356.688,661.203,215.172,2058.3,1331.36,164.937,6942.7,1147.61,621.342,8467.72,319.537,267.785,505.371,2063.31,405.139,320.923,993.237,285.106,5383.76,996.677,459.757,548.803,3194.48,483.032,691.554
2006,3508.96,2561.86,856.1,5352.87,473.475,1063.14,381.315,712.529,248.176,2436.38,1563.74,198.696,7271.09,1315.82,744.251,9659.64,338.751,284.729,540.589,2242.73,427.955,335.334,1027.79,323.259,5610.63,1249.77,491.056,550.519,3371.54,527.739,1030.69
2007,3986.56,3099.09,966.317,5676.26,535.126,1195.79,427.313,803.018,280.397,2586.3,1862.16,244.495,8652.15,1516.07,895.2,11711.14,438.655,306.9,617.829,2549.88,471.128,389.256,1197.55,360.425,6091.65,1599.6,551.781,606.783,3778.89,634.361,1103.69
2008,4943.5,4081.69,1125.3,5641.18,643.334,1377.15,485.807,932.601,316.269,3346.18,2271.23,326.82,10418.28,1677.39,978.062,12570.87,536.352,358.416,720.606,2946.93,549.706,477.27,1403.8,409.443,5765.55,1700.51,683.137,736.985,4308.91,784.496,1365.93
2009,3886.06,3146.8,1087.58,5183.69,623.497,1318.56,482.648,805.798,289.689,2722.04,2578.88,351.341,7856.85,1462.82,982.018,8524.77,467.54,405.62,724.186,2922.59,518.466,462.267,1307.52,391.213,5880.32,1401.24,693.025,728.529,4131.02,815.808,1135.01
2010,4480.72,3641.44,1037.38,6374.99,648.365,1287.57,492.078,895.354,326.681,3597.96,2922.8,324.285,8933.31,1745.56,1036.26,11417.42,471.959,442.765,733.666,2896.56,469.47,476.062,1272.62,401.835,7311.74,1637.42,732.315,721.036,4140.47,808.713,1456.05
2011,5453.89,4716.25,1130.07,7637.77,751.041,1404.85,551.028,985.629,379.705,4175.34,3077.34,361.829,10893.46,2123.67,1054.97,5402.25,531.266,493.843,863.348,3111.54,574.873,511.488,1366.53,448.324,7997.07,2034.46,768.16,791.925,4256.84,872.039,1635.17
2012,5575.65,5245.02,1145.87,7898.91,758.481,1355.4,566.199,970.738,417.545,4607.39,3379.01,493.321,9903.41,2184.41,1248.07,12693.64,518.155,359.588,802.465,2979.74,631.76,528.918,1318.61,566.37,7487.85,1396.29,867.857,771.891,4137.57,950.56,1724.63
2013,5477.06,5436.52,1251.23,7231.39,787.482,1465.66,380.304,982.92,450.642,4559.73,3404.34,535.264,9760.75,2389.77,1331.52,8282.15,541.069,317.471,828.742,3200.48,641.085,551.554,1372.69,716.148,6824.45,1462.58,970.348,838.357,4198.85,964.833,1839.33
2014,5466.33,5625.74,1291.74,7784.72,793.051,1543.03,424.67,1024.84,479.602,4438.24,3520.36,613.101,9746.79,1962.66,1451.57,3876.41,530.863,343.979,873.51,3259.72,647.499,562.885,1397.02,713.53,6429.83,1628.5,1030.74,864.996,4274.47,960.698,1726.65
2015,4153.32,4354.92,1076.91,6811.43,653.393,1327.64,377.476,776.105,490.698,2873.72,3731.18,702.767,7453.11,1753.85,1483.48,2723.37,467.235,353.507,773.945,2964.96,570.129,484.171,1219.37,592.903,5731.73,1679.07,947.897,770.358,3829.5,773.284,1310.46
2016,3918.94,3676.83,1086.99,7249.31,687.48,1363.95,402.053,700.558,459.14,2395.18,3653.67,790.82,7082.22,1941.46,1561.86,2907.46,476.226,294.756,804.081,2995.68,415.18,497.882,1269.55,525.948,5266.88,1638.51,966.29,802.935,3665.68,808.445,1254.12
2017,4079.65,4303.69,1136.19,7883.16,738.014,1424.6,450.744,671.18,456.398,2555.44,2484.54,829.313,7370.35,2037.95,1737.8,4685.07,515.935,325.01,854.976,3147.1,445.192,517.771,1361.22,495.812,6119.89,1172.97,1002.87,830.458,3436.2,833.033,1500.96
2018,4118.74,3620.59,1240.84,8290.26,820.533,1535.19,488.563,713.034,553.329,3007.47,2577.27,852.011,8220.5,2216.84,1888.2,6361.58,533.197,350.441,922.55,3353.1,484.87,572.564,1458.73,533.972,6353.85,854.872,1036.93,902.15,3442.69,878.22,1480.42
2019,3939.54,2974.13,1218.28,7979.01,774.873,1501.87,479.846,685.677,573.513,2745.8,3056.98,968.253,8111.34,2220.82,2004.42,6055.46,539.953,377.721,907.218,3363.61,487.687,553.905,1430.21,527.026,5977.95,776.549,1079.68,893.18,3324.13,948.891,1272.24
2020,3262.58,2012.15,1250.87,6780.72,790.968,1469.91,489.869,653.98,540.534,2185.58,3586.97,994.197,7421.18,2222.91,2039.05,3280.83,501.756,406.65,897.287,3158.32,449.63,565.867,1459.51,526.514,5067.15,775.043,1090.39,904.675,3322.93,912.442,981.311
2021,3363.97,2080.35,1387.6,7816.98,876.031,1649.01,552.343,740.829,587.596,2505.11,3831.88,951.757,8601.49,2373.88,2129.31,3616.57,521.485,431.581,983.379,3414.83,424.911,632.633,1622.02,541.873,5443.94,787.443,1103.61,1016.13,3683.08,971.983,974.271
2022,3278.13,2081.71,1484.41,8233.76,928.709,1722.37,590.847,762.001,600.927,2514.05,4092.99,926.207,8683.77,2485.42,2214.09,3821.92,551.078,434.462,1046.28,3580.82,441.525,710.329,1724.58,533.433,5599.9,769.398,1139.13,1075.95,3835.96,1025.06,952.125
