,Algeria,Angola,Benin,Botswana,Burkina Faso,Cameroon,Central African Republic,Chad,Democratic Republic of the Congo,Republic of Congo,Egypt,Ethiopia,Gabon,Ghana,Guinea,Kenya,Libya,Madagascar,Malawi,Mali,Morocco,Mozambique,Niger,Senegal,Sierra Leone,South Africa,Sudan,Tanzania,Togo,Tunisia,Uganda,Zambia
1980,42.346,6.639,2.302,1.175,2.386,8.193,0.714,0.738,68.606,2.165,23.523,7.385,4.559,38.219,2.4,991.164,36300.89,1014.91,357.252,542.162,1493.52,200.786,703.952,1070.01,783.607,4642.23,1081.59,580.725,998.37,2134.38,526.047,1322.9
1981,44.372,6.214,1.557,1.038,2.076,9.281,0.743,0.873,59.726,1.775,25.76,7.578,4.111,61.792,2.381,1088.79,30373.42,975.63,360.389,566.498,1549.24,225.269,743.833,1197.92,852.925,5219.22,1222.11,619.387,1021.23,2397.78,580.338,1494.9
1982,44.78,6.214,1.542,1.095,1.934,8.901,0.719,0.844,64.939,1.548,30.479,7.973,3.853,72.038,2.335,1171.9,31264.84,990.087,382.382,521.351,1757.29,217.599,779.904,1334.04,902.822,5379.79,1312.96,641.387,1007.23,2473.43,647.005,1493.1
1983,47.529,6.476,1.365,1.21,1.767,8.972,0.69,0.844,52.378,1.407,37.254,8.863,3.689,48.515,2.284,1194.77,29710.15,1011.61,400.844,547.609,1773.85,186.757,752.952,1275.42,902.229,5347.49,1306.81,661.662,956.184,2627.95,683.959,1487.15
1984,51.513,6.864,1.456,1.201,1.579,9.482,0.67,0.907,34.951,1.294,41.888,8.375,3.547,17.332,2.327,1216.0,27055.9,1038.9,422.711,569.041,1873.16,178.065,627.483,1331.45,945.258,5678.34,1220.74,687.643,1010.92,2845.77,665.808,1469.16
1985,61.132,8.457,1.58,1.118,1.746,9.903,0.883,0.983,31.943,1.327,48.841,9.808,3.736,15.379,2.473,1263.67,28237.13,1055.17,436.298,594.284,2006.91,183.614,674.9,1377.21,891.643,5651.86,1217.41,719.66,1044.37,3003.09,644.285,1489.28
1986,61.535,7.918,2.036,1.516,2.29,12.909,1.158,1.211,35.84,1.815,54.076,10.188,4.889,14.228,2.675,1336.24,24579.56,1067.23,420.489,631.997,2166.06,182.291,709.188,1405.76,890.89,5638.44,1328.1,759.349,1064.13,2906.01,640.487,1500.05
1987,63.3,9.05,2.43,2.376,2.665,14.952,1.275,1.372,33.932,2.205,77.359,10.89,3.699,11.932,2.84,1398.14,20603.0,1075.14,411.866,653.587,2113.06,214.52,704.82,1482.59,914.679,5774.31,1409.43,799.829,1030.07,3110.91,658.189,1514.69
1988,51.664,9.818,2.552,3.084,2.942,15.184,1.372,1.604,39.314,2.346,92.53,11.285,4.079,12.678,3.317,1483.68,20338.63,1117.72,414.177,667.818,2361.44,240.758,755.868,1480.26,946.185,6098.07,1492.86,838.918,1139.65,3168.98,711.161,1663.3
1989,52.558,11.421,2.37,3.444,2.942,13.539,1.354,1.515,40.006,2.478,115.362,11.872,4.458,12.897,3.384,1559.34,21672.62,1173.52,414.449,757.929,2455.03,265.551,768.749,1552.61,1008.22,6350.02,1534.45,877.473,1199.01,3318.39,758.053,1615.75
1990,61.892,12.571,2.89,3.803,3.488,13.553,1.572,1.826,41.448,2.909,96.087,12.595,6.339,14.898,3.71,1638.63,24752.0,1212.98,437.618,846.511,2639.53,274.69,762.883,1554.25,1046.73,6420.37,1508.59,943.82,1283.82,3575.64,808.093,1615.72
1991,46.67,12.186,2.954,3.806,3.526,15.112,1.498,1.809,40.25,3.035,48.431,13.928,5.754,16.673,4.195,1663.8,28916.37,1141.06,480.586,925.29,2870.25,295.495,760.207,1602.4,989.026,6413.04,1620.1,963.363,1289.12,3765.0,821.106,1609.93
1992,49.217,9.395,3.284,3.932,3.775,13.851,1.494,1.886,36.333,3.28,44.168,14.696,5.955,16.485,4.57,1632.98,28128.09,1146.43,450.041,911.57,2821.29,274.751,766.987,1614.78,914.185,6259.59,1698.27,957.82,1249.4,4069.51,861.026,1631.77
1993,50.963,6.819,3.199,3.961,3.599,14.451,1.309,1.648,47.45,3.004,49.526,9.143,5.757,13.383,4.562,1621.58,27103.23,1162.87,502.385,942.944,2815.8,299.708,761.282,1626.54,940.412,6328.13,1734.89,959.39,1048.2,4180.84,909.408,1622.1
1994,42.426,4.965,2.227,4.261,2.164,9.833,0.858,1.335,25.746,2.068,54.55,8.135,4.463,12.303,4.707,1650.19,27671.4,1151.67,457.086,973.638,3125.74,314.293,765.243,1611.58,998.534,6517.64,1782.25,963.933,1192.6,4340.18,968.414,1393.8
1995,42.066,6.197,2.993,4.732,2.676,9.326,1.117,1.636,25.021,2.457,63.25,7.887,5.281,14.544,5.139,1708.79,24228.25,1159.28,524.579,996.68,2974.38,317.274,773.526,1699.6,918.509,6717.54,2051.71,989.839,1420.93,4471.0,1046.09,1426.92
1996,46.941,7.994,3.251,4.881,2.909,10.393,1.0,1.819,32.099,2.84,71.118,8.794,6.064,15.458,5.316,1757.13,24850.59,1168.87,576.1,1060.34,3355.65,348.769,761.491,1719.1,702.07,7003.3,2153.38,1026.24,1351.75,4790.29,1098.95,1503.12
1997,48.178,9.388,3.124,5.024,2.753,10.509,0.979,1.748,28.819,2.568,79.777,8.621,5.673,15.786,5.212,1748.24,24717.1,1194.69,609.443,1101.42,3313.32,384.341,759.279,1753.36,585.439,7191.66,2275.47,1054.81,1383.72,5081.54,1133.09,1544.76
1998,48.188,7.958,3.362,4.819,3.155,10.495,1.036,1.975,21.089,2.24,89.189,7.815,4.774,17.153,5.003,1768.26,24453.68,1216.39,605.964,1117.23,3543.67,416.51,814.992,1835.39,580.883,7199.52,2440.58,1081.85,1324.38,5328.34,1178.69,1514.25
1999,48.845,7.526,3.681,5.485,3.388,10.695,1.039,1.739,19.147,2.646,95.039,7.515,4.966,17.756,4.798,1775.75,24529.81,1251.89,619.408,1173.21,3584.09,460.103,795.924,1927.63,531.596,7365.84,2529.74,1123.91,1334.98,5668.26,1250.3,1564.67
2000,54.749,11.166,3.522,5.803,2.961,9.802,0.868,1.572,19.077,3.624,104.752,8.167,5.397,11.467,4.039,1772.34,25549.59,1295.85,622.489,1166.9,3683.72,463.542,775.388,1999.47,549.134,7726.31,2740.05,1176.32,1312.07,5984.62,1285.59,1618.65
2001,54.745,10.93,3.666,5.514,3.19,10.377,0.899,1.936,7.246,3.038,102.273,8.103,5.023,12.227,3.806,1833.56,25259.27,1360.82,596.718,1337.71,3986.1,516.56,819.63,2080.79,639.499,7965.56,3026.59,1241.36,1314.95,6291.93,1384.12,1697.83
2002,56.761,15.286,4.191,5.456,3.62,11.588,0.983,2.257,8.72,3.33,90.261,7.828,5.332,14.2,4.022,1823.39,25032.11,1174.41,594.212,1360.67,4120.22,557.626,842.127,2064.23,786.269,8274.19,3177.46,1315.04,1351.03,6424.39,1456.68,1757.26
2003,67.864,17.813,5.348,7.539,4.74,14.558,1.188,3.102,9.022,3.863,85.163,8.604,6.51,17.494,4.759,1858.24,28390.38,1274.2,625.85,1467.37,4388.44,590.406,844.756,2165.89,835.952,8592.78,3347.85,1392.18,1431.78,6799.46,1520.3,1866.29
2004,85.327,23.552,6.187,8.966,5.449,17.44,1.31,5.003,10.275,5.101,82.855,10.122,7.767,20.244,5.054,1942.1,29957.93,1336.77,663.045,1483.66,4661.33,636.277,838.934,2269.64,875.873,9127.72,3522.96,1498.61,1419.4,7360.22,1596.28,1998.83
2005,103.198,36.971,6.571,10.013,6.15,17.974,1.413,6.676,12.069,6.654,94.127,12.387,9.468,24.521,4.506,2059.68,34063.33,1401.93,692.099,1578.93,4900.81,680.614,894.536,2379.57,908.461,9794.84,3748.03,1612.98,1359.49,7788.09,1751.82,2151.86
2006,117.027,52.381,7.034,10.175,6.548,19.374,1.538,7.451,14.376,8.073,112.902,15.31,10.164,28.785,4.178,2187.99,36718.63,1478.5,725.927,1648.39,5362.19,743.5,940.425,2444.33,944.762,10527.84,4009.42,1690.94,1400.02,8367.0,1868.09,2326.91
2007,134.977,65.266,8.17,10.941,7.627,22.397,1.755,8.687,16.778,8.784,137.055,19.329,12.457,33.942,6.317,2333.44,39476.29,1559.23,794.529,1695.04,5628.63,799.631,959.323,2513.64,1020.25,11240.98,4242.93,1830.9,1382.88,9077.48,2003.31,2516.44
2008,171.001,88.539,9.787,11.028,9.45,26.514,2.033,10.43,19.548,11.649,170.797,26.25,15.57,38.414,6.966,2319.38,32390.97,1648.5,847.98,1751.07,6001.89,850.442,1014.54,2587.12,1070.52,11657.63,4378.02,1916.21,1427.69,9544.94,2178.55,2685.55
2009,137.054,70.307,9.728,10.272,9.44,26.094,2.059,9.315,18.495,9.713,198.316,28.672,12.188,34.254,6.753,2350.31,31237.64,1550.58,899.693,1786.5,6225.95,885.876,1003.38,2606.84,1088.37,11394.22,4180.6,1977.12,1477.61,9802.57,2294.27,2869.54
2010,161.207,83.799,9.543,12.794,10.118,26.191,2.141,10.701,21.541,13.159,230.024,26.887,14.384,43.043,6.858,2517.38,32167.77,1534.89,945.512,1844.03,6458.37,927.912,1060.6,2652.86,1134.09,11695.97,4281.18,2066.29,1543.81,10151.06,2415.28,3107.83
2011,200.251,111.79,10.691,15.393,12.078,29.37,2.435,12.183,25.853,15.653,247.726,30.48,18.207,53.645,6.034,2664.9,11167.41,1548.33,983.784,1883.12,6854.59,989.146,1066.13,2669.52,1203.17,12143.17,5197.99,2210.07,1632.63,10049.58,2569.51,3249.6
2012,209.059,128.053,11.148,16.11,12.569,29.121,2.512,12.411,29.35,17.704,278.769,42.221,17.181,56.505,7.304,2777.33,23665.8,1530.94,957.191,1816.69,6856.81,1000.5,1156.14,2739.42,1405.48,12035.4,3929.48,2099.43,1655.51,10179.9,2372.96,3348.12
2013,209.755,136.71,12.518,14.915,13.444,32.358,1.692,12.994,32.695,17.959,288.007,46.544,17.596,63.279,8.374,3042.8,15877.89,1535.5,1026.14,1866.33,7090.59,1047.83,1125.27,2742.42,1746.55,12436.19,3934.82,2194.77,1720.57,10174.5,2395.13,3503.86
2014,213.81,145.712,13.288,16.259,13.947,34.999,1.896,14.003,35.911,17.918,305.567,54.165,18.209,53.173,8.79,3327.85,8573.42,1555.83,998.44,1971.77,6793.07,1100.13,1138.77,2830.7,1787.66,12514.29,4509.18,2243.35,1792.3,10370.41,2440.64,3467.11
2015,165.979,116.194,11.389,14.445,11.833,30.932,1.696,10.952,37.915,11.891,332.075,63.081,14.385,48.595,8.79,3717.46,7671.71,1546.84,946.405,2093.23,7244.17,1248.08,1145.24,2971.35,1599.22,12547.66,4438.22,2348.07,1885.3,10123.89,2388.16,3360.02
2016,160.034,101.124,11.818,15.658,12.819,32.635,1.825,10.202,36.64,10.159,332.484,72.12,14.02,54.989,8.604,4025.19,7996.69,1607.58,956.775,2255.12,7355.97,1319.97,1148.28,3075.93,1678.27,12581.66,5568.78,2478.81,1954.22,10269.11,2355.78,3332.67
2017,170.207,122.124,12.697,17.383,14.165,34.997,2.072,10.079,37.615,11.11,236.528,76.841,14.924,58.978,10.337,4475.92,10708.89,1586.4,945.343,2315.16,7581.0,1245.03,1163.64,3203.9,1633.73,12681.72,4602.32,2527.81,2012.26,10467.26,2382.08,3407.31
2018,175.367,105.902,14.257,18.664,16.207,38.712,2.28,11.036,47.099,13.402,250.253,80.207,16.875,65.518,12.181,4757.7,12798.8,1633.54,970.769,2409.91,7923.77,1284.01,1229.59,3388.94,1694.33,12898.43,4472.92,2687.36,2110.65,10889.63,2508.29,3520.63
2019,171.07,89.603,14.392,18.339,15.746,38.863,2.277,10.934,50.418,12.542,302.335,92.608,16.875,66.998,13.797,4984.57,14599.42,1692.14,1003.66,2493.66,8180.16,1301.69,1276.11,3503.62,1781.09,12961.7,4310.32,2840.65,2210.98,11074.95,2689.09,3526.4
2020,144.294,62.44,15.193,15.91,16.541,39.02,2.366,10.742,49.077,10.232,361.847,96.611,15.642,68.418,15.455,4925.52,5893.26,1599.04,993.313,2400.82,7619.89,1276.62,1258.71,3478.48,1724.9,12032.41,4097.68,2820.6,2198.99,10119.77,2574.0,3341.99
2021,151.459,66.493,17.327,18.726,18.853,44.893,2.718,12.531,55.088,12.022,394.284,93.966,18.362,74.26,16.339,5274.41,13723.27,1639.17,1004.73,2468.63,8027.28,1292.63,1319.57,3624.87,1771.44,12441.71,4082.39,2863.0,2261.44,10594.08,2705.95,3322.25
2022,150.135,68.532,19.056,20.137,20.568,48.074,2.964,13.269,58.17,12.366,429.573,92.907,18.768,79.737,17.428,5577.11,14651.1,1717.51,1063.62,2597.78,8446.1,1348.16,1466.62,3824.0,1836.47,12779.14,4114.89,2974.32,2358.3,10996.17,2820.69,3332.68
