,Algeria,Angola,Benin,Botswana,Burkina Faso,Cameroon,Central African Republic,Chad,Democratic Republic of the Congo,Republic of Congo,Egypt,Ethiopia,Gabon,Ghana,Kenya,Libya,Madagascar,Malawi,Mali,Morocco,Mozambique,Niger,Senegal,Sierra Leone,South Africa,Sudan,Tanzania,Togo,Tunisia,Uganda,Zambia
1980,4813.29,1223.56,985.968,1892.66,376.154,1174.65,441.695,411.924,807.842,1928.42,2185.51,306.166,8872.13,1194.78,10.099,38.941,5.202,2.146,2.031,21.998,4.615,3.531,4.338,1.701,82.981,9.095,10.873,1.994,9.566,7.486,4.246
1981,5263.19,1246.69,1063.19,2200.0,412.874,1462.49,530.053,393.594,864.109,2101.15,2377.32,327.239,9122.38,1228.88,9.513,33.641,4.759,2.146,1.66,17.86,3.585,3.056,3.934,1.823,85.463,6.53,13.005,1.656,9.223,12.12,4.385
1982,5761.06,1289.6,1113.66,2610.33,433.773,1624.58,529.356,430.553,884.153,2216.33,2636.33,341.064,9866.13,1171.13,9.159,33.541,4.785,2.046,1.468,18.028,3.662,2.84,3.85,2.05,78.415,4.748,14.932,1.396,8.9,8.41,4.232
1983,6109.43,1360.77,1098.41,2898.26,434.271,1755.69,504.528,505.251,901.969,2287.62,2903.53,370.515,10232.52,1114.19,8.47,31.963,4.686,2.121,1.418,16.296,3.28,2.538,3.435,1.782,87.417,6.485,15.294,1.33,9.202,9.619,3.653
1984,6476.33,1455.97,1107.7,3084.57,445.587,1903.75,561.08,537.078,948.488,2353.8,3161.81,363.099,10881.85,1181.95,8.788,29.93,3.906,2.095,1.416,14.904,3.417,2.056,3.35,2.062,77.315,7.992,13.915,1.222,9.054,7.399,3.003
1985,6729.56,1379.59,1154.01,3305.06,498.604,2068.04,584.452,581.645,951.626,2411.1,3405.55,321.266,11621.46,1270.55,8.746,29.44,3.803,1.962,1.426,15.043,4.516,2.027,3.668,1.755,59.102,5.547,12.556,1.281,9.245,6.771,2.848
1986,6671.01,1407.95,1172.06,3532.05,535.066,2192.47,617.831,610.557,984.131,2441.88,3547.53,348.144,11356.61,1342.89,10.387,23.987,4.348,2.048,1.981,19.864,5.301,2.68,5.188,1.314,67.562,7.4,15.874,1.795,9.91,6.746,1.962
1987,6614.1,1464.26,1140.75,4011.15,532.934,2137.42,620.062,628.64,1002.33,2483.84,3709.11,393.41,9633.39,1435.07,11.387,22.294,3.213,2.013,2.308,21.911,2.395,3.143,6.241,1.145,88.572,11.964,7.821,2.107,10.663,10.878,2.431
1988,6522.14,1566.38,1183.11,4944.47,568.6,1980.69,640.232,677.774,1009.2,3040.9,3913.09,396.62,10099.97,1547.32,11.806,25.067,3.189,2.314,2.316,25.947,2.105,3.21,6.173,1.877,95.207,9.551,7.474,2.345,11.073,11.268,4.095
1989,6930.65,1585.0,1160.18,5189.4,587.874,1962.4,676.882,695.175,1002.47,3606.19,4097.69,397.066,11854.75,1642.08,11.705,26.594,3.176,2.639,2.827,26.706,2.199,3.068,6.083,1.724,99.044,16.853,6.444,2.302,11.069,9.136,4.365
1990,7154.28,1546.31,1271.44,5645.92,590.291,1852.72,696.834,720.655,940.635,3665.26,4311.93,408.798,12653.27,1723.8,12.18,30.644,3.931,2.999,3.223,30.18,3.529,3.491,7.078,0.948,115.533,2.245,5.172,2.772,13.474,7.452,4.085
1991,7130.53,1739.59,1324.49,6021.48,648.024,1788.2,698.633,796.635,861.878,3802.31,4459.12,379.058,13448.43,1824.11,11.501,33.908,3.255,3.821,3.284,32.286,3.704,3.271,6.955,1.138,123.964,2.528,6.019,2.74,14.202,3.897,3.69
1992,7232.6,1924.38,1347.05,5972.39,646.684,1720.73,663.522,808.077,759.158,3952.73,4481.64,341.343,12926.4,1901.49,11.327,34.358,3.715,3.12,3.372,33.712,2.584,3.372,7.435,0.992,134.557,3.1,5.588,2.873,16.978,3.645,3.614
1993,7080.38,2122.4,1409.24,6186.45,666.61,1655.95,655.139,784.496,646.803,3999.62,4576.2,383.009,13429.33,1990.68,7.869,30.921,4.063,3.591,3.362,31.656,2.651,3.041,7.014,1.122,134.345,5.246,5.17,2.189,15.944,4.311,3.549
1994,7009.58,2325.78,1418.96,6105.22,671.238,1601.37,735.486,818.202,597.889,3929.53,4774.49,391.822,13878.37,2054.53,9.422,28.796,3.522,2.081,2.575,35.605,2.848,1.935,4.746,1.331,139.804,5.961,5.478,1.697,17.052,6.24,3.657
1995,7282.54,2544.31,1486.51,6506.41,704.865,1642.96,756.933,801.796,607.323,4069.27,4978.22,411.464,14511.35,2133.47,11.944,32.69,3.838,2.423,3.337,39.029,2.959,2.296,6.026,1.273,155.461,6.694,6.382,2.24,19.654,7.473,3.799
1996,7561.34,2797.36,1530.29,6847.43,775.102,1707.42,707.225,806.058,589.727,4184.03,5208.2,461.755,14939.26,2220.57,13.565,35.683,4.932,3.956,3.416,43.162,4.163,2.397,6.3,1.374,147.701,8.377,7.889,2.448,21.283,7.713,3.599
1997,7648.09,2963.68,1596.85,7357.73,815.261,1779.34,732.673,837.159,527.211,4110.68,5490.22,469.48,15677.0,2332.2,13.742,36.531,4.263,4.619,3.208,39.147,4.976,2.285,5.867,1.24,152.611,10.241,9.341,2.494,20.747,8.407,4.303
1998,8001.35,3046.25,1629.85,7339.32,860.233,1836.05,749.601,874.371,502.437,4418.52,5853.91,442.534,16004.7,2415.8,15.739,29.96,4.402,3.036,3.328,41.806,5.625,2.639,6.416,0.981,137.686,10.924,11.481,2.361,21.803,8.23,3.538
1999,8248.6,3065.68,1675.25,8011.08,910.582,1885.43,766.734,849.932,480.697,4212.18,6170.42,464.469,14423.22,2499.12,14.353,35.975,4.278,3.08,3.444,41.632,5.928,2.532,6.599,0.977,136.55,10.714,11.777,2.37,22.943,7.823,3.405
2000,8598.2,3135.87,1759.72,8211.59,921.941,1941.7,741.513,830.144,438.31,4695.05,6502.52,507.816,14115.06,2456.9,14.136,38.271,4.629,3.023,2.963,38.859,5.39,2.235,6.016,0.941,136.453,13.134,12.369,2.014,21.474,7.756,3.601
2001,8919.38,3242.16,1837.8,8287.65,976.159,2017.01,763.749,912.061,426.097,4455.25,6742.36,541.122,14375.33,2541.17,14.536,34.112,5.438,2.967,3.468,39.46,5.31,2.442,6.508,1.084,121.602,15.716,12.61,2.0,22.066,7.835,4.094
2002,9427.78,3634.49,1895.0,8812.94,1005.43,2079.76,778.77,967.138,432.288,4458.85,6929.26,543.399,14273.19,2634.77,14.764,20.471,5.352,3.496,3.905,42.238,5.626,2.772,7.001,1.25,115.748,18.137,13.125,2.301,23.142,8.425,4.194
2003,10142.19,3701.62,1936.88,9278.77,1072.47,2156.69,762.758,1087.36,450.464,4451.2,7133.37,510.559,14424.9,2752.98,16.796,26.186,6.372,3.211,4.713,52.064,6.254,3.382,8.767,1.38,175.254,21.355,14.159,2.854,27.454,8.725,4.902
2004,10701.65,4094.78,2015.64,9669.61,1117.47,2302.12,769.682,1436.84,478.193,4450.75,7482.13,570.806,14613.77,2908.92,18.064,32.996,5.065,3.476,5.452,59.626,7.589,3.746,10.072,1.439,228.931,26.646,15.576,3.048,31.184,10.75,6.221
2005,11512.11,4715.43,2052.52,10294.86,1215.57,2357.04,803.037,1547.16,506.78,4889.88,7900.57,645.952,14585.8,3110.26,21.001,47.335,5.859,3.656,6.251,62.343,8.512,4.372,11.015,1.61,257.667,35.183,17.174,3.08,32.272,12.46,8.329
2006,11880.94,5261.3,2135.26,11340.97,1291.48,2444.75,851.367,1549.08,532.457,5307.52,8516.06,723.23,14380.96,3312.46,25.826,54.963,6.396,3.998,6.906,68.641,9.303,4.743,11.699,1.884,271.812,45.264,18.867,3.173,34.377,14.079,12.762
2007,12422.76,5980.16,2258.49,12435.69,1339.74,2562.27,892.914,1587.92,562.459,4965.49,9186.53,809.252,15245.13,3460.79,31.959,67.69,8.525,4.431,8.157,79.041,10.534,5.716,13.996,2.159,299.033,59.44,21.807,3.592,38.915,17.512,14.06
2008,12688.57,6579.81,2347.92,13280.95,1401.96,2629.88,916.614,1613.79,589.641,5250.05,9821.88,902.944,15232.08,3758.32,35.895,73.917,10.725,5.321,9.837,92.507,12.64,7.279,16.852,2.511,287.095,64.833,27.762,4.483,44.844,22.419,17.914
2009,12744.57,6492.13,2353.63,12191.29,1411.13,2634.68,931.512,1638.31,591.614,5761.66,10130.29,985.05,14449.33,3908.99,37.022,50.808,9.617,6.195,10.221,92.897,12.261,7.324,16.128,2.454,297.221,54.812,28.985,4.554,43.466,24.107,15.332
2010,13095.66,6686.33,2364.12,13220.29,1502.1,2681.89,967.042,1821.02,620.695,6251.38,10529.38,1084.8,14965.59,4046.54,40.0,68.974,9.983,6.957,10.698,93.217,11.418,7.838,16.134,2.578,375.304,65.716,31.533,4.63,44.054,24.683,20.264
2011,13480.05,6857.29,2416.33,14252.7,1586.57,2773.9,1012.66,1799.7,655.852,6363.66,10694.41,1214.29,15762.73,4605.21,41.671,31.999,11.552,7.984,12.993,101.371,14.382,8.754,17.811,2.942,416.879,66.448,34.067,5.223,45.81,27.501,23.455
2012,13263.91,7623.61,2498.5,13590.48,1619.4,2855.45,1102.13,1735.75,657.466,7436.64,11620.12,1314.85,15487.11,5120.73,50.422,79.759,11.579,5.981,12.45,98.266,16.257,9.412,17.672,3.802,396.332,48.948,39.651,5.229,45.044,30.939,25.502
2013,13003.31,7948.02,2669.69,14707.71,1683.11,3002.61,738.466,1574.01,741.084,7123.2,11726.03,1408.01,15234.6,5285.17,55.125,51.896,12.424,5.432,13.243,106.826,16.968,10.206,18.919,4.916,366.821,52.892,45.681,5.831,46.248,32.331,28.042
2014,12940.0,8507.96,2833.41,16300.84,1692.3,3185.38,720.351,1684.14,837.168,6959.39,11350.95,1680.73,15499.57,5480.81,61.546,24.262,12.523,6.055,14.369,110.081,17.623,10.83,19.802,5.007,350.901,60.726,50.002,6.174,47.634,33.122,27.145
2015,11944.99,7668.51,2886.83,15547.18,1713.52,3260.52,787.043,1820.08,893.471,5444.9,11957.71,1861.84,14834.21,5143.53,64.235,17.216,11.323,6.402,13.106,101.179,15.951,9.684,17.777,4.252,317.578,64.536,47.384,5.641,43.172,27.445,21.245
2016,11543.3,7449.18,3004.81,17260.3,1893.7,3405.06,851.014,1682.04,951.455,4484.13,11616.34,2134.42,14490.23,4917.35,69.19,18.563,11.849,5.492,14.022,103.312,11.937,10.35,19.035,3.855,296.273,64.883,49.774,6.03,41.801,29.557,20.965
2017,11644.06,7681.96,3044.51,17253.31,2053.51,3554.52,912.808,1600.06,1046.71,4986.53,11158.25,2321.44,15302.64,5028.02,78.896,30.211,13.176,6.23,15.36,109.683,13.15,11.185,20.989,3.713,349.433,47.837,53.227,6.393,39.627,31.384,25.874
2018,11823.84,7478.85,3235.22,18080.67,2182.75,3690.07,955.87,1626.29,1098.17,4661.52,11797.9,2519.96,15587.77,5357.43,87.801,41.432,13.974,6.911,17.079,118.096,14.71,12.85,23.127,4.085,368.135,35.891,56.699,7.117,40.139,34.095,26.312
2019,11894.86,7346.3,3422.71,18571.81,2282.26,3801.23,985.154,1654.19,1129.69,4600.23,12445.21,2752.7,16271.87,5688.21,95.41,39.832,14.519,7.663,17.308,119.701,15.195,12.912,23.307,4.119,351.354,33.564,60.81,7.221,39.169,37.788,23.309
2020,11112.19,6931.86,3436.72,16892.81,2262.43,3646.46,979.403,1611.0,1106.37,4187.54,12789.91,2908.3,15970.05,5692.64,99.287,21.797,13.837,8.488,17.639,113.548,14.385,13.698,24.448,4.204,302.114,34.37,63.244,7.495,39.553,37.613,18.529
2021,11432.75,6878.13,3572.95,18112.63,2333.82,3744.82,1013.19,1621.11,1132.13,4168.84,13083.41,2972.62,16243.91,5967.64,106.041,24.267,14.746,9.268,19.912,124.003,13.957,15.899,27.927,4.42,329.529,35.827,65.919,8.627,44.265,41.271,18.955
2022,11809.72,6991.53,3767.48,19123.51,2439.83,3896.01,1067.02,1652.15,1175.84,4200.87,13859.94,3251.58,16853.7,6313.84,112.75,25.901,15.972,9.598,21.824,131.309,14.889,18.528,30.521,4.445,344.139,35.917,70.068,9.361,46.527,44.83,19.083
