Country,1980,1981,1982,1983,1984,1985,1986,1987,1988,1989,1990,1991,1992,1993,1994,1995,1996,1997,1998,1999,2000,2001,2002,2003,2004,2005,2006,2007,2008,2009,2010,2011,2012,2013,2014,2015,2016,2017,2018,2019,2020,2021,2022
Algeria,42.346,44.372,44.78,47.529,51.513,61.132,61.535,63.3,51.664,52.558,61.892,46.67,49.217,50.963,42.426,42.066,46.941,48.178,48.188,48.845,54.749,54.745,56.761,67.864,85.327,103.198,117.027,134.977,171.001,137.054,161.207,200.251,209.059,209.755,213.81,165.979,160.034,170.207,175.367,171.07,144.294,151.459,150.135
Algeria,4813.29,5263.19,5761.06,6109.43,6476.33,6729.56,6671.01,6614.1,6522.14,6930.65,7154.28,7130.53,7232.6,7080.38,7009.58,7282.54,7561.34,7648.09,8001.35,8248.6,8598.2,8919.38,9427.78,10142.19,10701.65,11512.11,11880.94,12422.76,12688.57,12744.57,13095.66,13480.05,13263.91,13003.31,12940.0,11944.99,11543.3,11644.06,11823.84,11894.86,11112.19,11432.75,11809.72
Angola,6.639,6.214,6.214,6.476,6.864,8.457,7.918,9.05,9.818,11.421,12.571,12.186,9.395,6.819,4.965,6.197,7.994,9.388,7.958,7.526,11.166,10.93,15.286,17.813,23.552,36.971,52.381,65.266,88.539,70.307,83.799,111.79,128.053,136.71,145.712,116.194,101.124,122.124,105.902,89.603,62.44,66.493,68.532
Angola,1223.56,1246.69,1289.6,1360.77,1455.97,1379.59,1407.95,1464.26,1566.38,1585.0,1546.31,1739.59,1924.38,2122.4,2325.78,2544.31,2797.36,2963.68,3046.25,3065.68,3135.87,3242.16,3634.49,3701.62,4094.78,4715.43,5261.3,5980.16,6579.81,6492.13,6686.33,6857.29,7623.61,7948.02,8507.96,7668.51,7449.18,7681.96,7478.85,7346.3,6931.86,6878.13,6991.53
Benin,2.302,1.557,1.542,1.365,1.456,1.58,2.036,2.43,2.552,2.37,2.89,2.954,3.284,3.199,2.227,2.993,3.251,3.124,3.362,3.681,3.522,3.666,4.191,5.348,6.187,6.571,7.034,8.17,9.787,9.728,9.543,10.691,11.148,12.518,13.288,11.389,11.818,12.697,14.257,14.392,15.193,17.327,19.056
Benin,985.968,1063.19,1113.66,1098.41,1107.7,1154.01,1172.06,1140.75,1183.11,1160.18,1271.44,1324.49,1347.05,1409.24,1418.96,1486.51,1530.29,1596.85,1629.85,1675.25,1759.72,1837.8,1895.0,1936.88,2015.64,2052.52,2135.26,2258.49,2347.92,2353.63,2364.12,2416.33,2498.5,2669.69,2833.41,2886.83,3004.81,3044.51,3235.22,3422.71,3436.72,3572.95,3767.48
Botswana,1.175,1.038,1.095,1.21,1.201,1.118,1.516,2.376,3.084,3.444,3.803,3.806,3.932,3.961,4.261,4.732,4.881,5.024,4.819,5.485,5.803,5.514,5.456,7.539,8.966,10.013,10.175,10.941,11.028,10.272,12.794,15.393,16.11,14.915,16.259,14.445,15.658,17.383,18.664,18.339,15.91,18.726,20.137
Botswana,1892.66,2200.0,2610.33,2898.26,3084.57,3305.06,3532.05,4011.15,4944.47,5189.4,5645.92,6021.48,5972.39,6186.45,6105.22,6506.41,6847.43,7357.73,7339.32,8011.08,8211.59,8287.65,8812.94,9278.77,9669.61,10294.86,11340.97,12435.69,13280.95,12191.29,13220.29,14252.7,13590.48,14707.71,16300.84,15547.18,17260.3,17253.31,18080.67,18571.81,16892.81,18112.63,19123.51
Burkina Faso,2.386,2.076,1.934,1.767,1.579,1.746,2.29,2.665,2.942,2.942,3.488,3.526,3.775,3.599,2.164,2.676,2.909,2.753,3.155,3.388,2.961,3.19,3.62,4.74,5.449,6.15,6.548,7.627,9.45,9.44,10.118,12.078,12.569,13.444,13.947,11.833,12.819,14.165,16.207,15.746,16.541,18.853,20.568
Burkina Faso,376.154,412.874,433.773,434.271,445.587,498.604,535.066,532.934,568.6,587.874,590.291,648.024,646.684,666.61,671.238,704.865,775.102,815.261,860.233,910.582,921.941,976.159,1005.43,1072.47,1117.47,1215.57,1291.48,1339.74,1401.96,1411.13,1502.1,1586.57,1619.4,1683.11,1692.3,1713.52,1893.7,2053.51,2182.75,2282.26,2262.43,2333.82,2439.83
Cameroon,8.193,9.281,8.901,8.972,9.482,9.903,12.909,14.952,15.184,13.539,13.553,15.112,13.851,14.451,9.833,9.326,10.393,10.509,10.495,10.695,9.802,10.377,11.588,14.558,17.44,17.974,19.374,22.397,26.514,26.094,26.191,29.37,29.121,32.358,34.999,30.932,32.635,34.997,38.712,38.863,39.02,44.893,48.074
Cameroon,1174.65,1462.49,1624.58,1755.69,1903.75,2068.04,2192.47,2137.42,1980.69,1962.4,1852.72,1788.2,1720.73,1655.95,1601.37,1642.96,1707.42,1779.34,1836.05,1885.43,1941.7,2017.01,2079.76,2156.69,2302.12,2357.04,2444.75,2562.27,2629.88,2634.68,2681.89,2773.9,2855.45,3002.61,3185.38,3260.52,3405.06,3554.52,3690.07,3801.23,3646.46,3744.82,3896.01
Central African Republic,0.714,0.743,0.719,0.69,0.67,0.883,1.158,1.275,1.372,1.354,1.572,1.498,1.494,1.309,0.858,1.117,1.0,0.979,1.036,1.039,0.868,0.899,0.983,1.188,1.31,1.413,1.538,1.755,2.033,2.059,2.141,2.435,2.512,1.692,1.896,1.696,1.825,2.072,2.28,2.277,2.366,2.718,2.964
Central African Republic,441.695,530.053,529.356,504.528,561.08,584.452,617.831,620.062,640.232,676.882,696.834,698.633,663.522,655.139,735.486,756.933,707.225,732.673,749.601,766.734,741.513,763.749,778.77,762.758,769.682,803.037,851.367,892.914,916.614,931.512,967.042,1012.66,1102.13,738.466,720.351,787.043,851.014,912.808,955.87,985.154,979.403,1013.19,1067.02
Chad,0.738,0.873,0.844,0.844,0.907,0.983,1.211,1.372,1.604,1.515,1.826,1.809,1.886,1.648,1.335,1.636,1.819,1.748,1.975,1.739,1.572,1.936,2.257,3.102,5.003,6.676,7.451,8.687,10.43,9.315,10.701,12.183,12.411,12.994,14.003,10.952,10.202,10.079,11.036,10.934,10.742,12.531,13.269
Chad,411.924,393.594,430.553,505.251,537.078,581.645,610.557,628.64,677.774,695.175,720.655,796.635,808.077,784.496,818.202,801.796,806.058,837.159,874.371,849.932,830.144,912.061,967.138,1087.36,1436.84,1547.16,1549.08,1587.92,1613.79,1638.31,1821.02,1799.7,1735.75,1574.01,1684.14,1820.08,1682.04,1600.06,1626.29,1654.19,1611.0,1621.11,1652.15
Democratic Republic of the Congo,68.606,59.726,64.939,52.378,34.951,31.943,35.84,33.932,39.314,40.006,41.448,40.25,36.333,47.45,25.746,25.021,32.099,28.819,21.089,19.147,19.077,7.246,8.72,9.022,10.275,12.069,14.376,16.778,19.548,18.495,21.541,25.853,29.35,32.695,35.911,37.915,36.64,37.615,47.099,50.418,49.077,55.088,58.17
Democratic Republic of the Congo,807.842,864.109,884.153,901.969,948.488,951.626,984.131,1002.33,1009.2,1002.47,940.635,861.878,759.158,646.803,597.889,607.323,589.727,527.211,502.437,480.697,438.31,426.097,432.288,450.464,478.193,506.78,532.457,562.459,589.641,591.614,620.695,655.852,657.466,741.084,837.168,893.471,951.455,1046.71,1098.17,1129.69,1106.37,1132.13,1175.84
Republic of Congo,2.165,1.775,1.548,1.407,1.294,1.327,1.815,2.205,2.346,2.478,2.909,3.035,3.28,3.004,2.068,2.457,2.84,2.568,2.24,2.646,3.624,3.038,3.33,3.863,5.101,6.654,8.073,8.784,11.649,9.713,13.159,15.653,17.704,17.959,17.918,11.891,10.159,11.11,13.402,12.542,10.232,12.022,12.366
Republic of Congo,1928.42,2101.15,2216.33,2287.62,2353.8,2411.1,2441.88,2483.84,3040.9,3606.19,3665.26,3802.31,3952.73,3999.62,3929.53,4069.27,4184.03,4110.68,4418.52,4212.18,4695.05,4455.25,4458.85,4451.2,4450.75,4889.88,5307.52,4965.49,5250.05,5761.66,6251.38,6363.66,7436.64,7123.2,6959.39,5444.9,4484.13,4986.53,4661.52,4600.23,4187.54,4168.84,4200.87
Egypt,23.523,25.76,30.479,37.254,41.888,48.841,54.076,77.359,92.53,115.362,96.087,48.431,44.168,49.526,54.55,63.25,71.118,79.777,89.189,95.039,104.752,102.273,90.261,85.163,82.855,94.127,112.902,137.055,170.797,198.316,230.024,247.726,278.769,288.007,305.567,332.075,332.484,236.528,250.253,302.335,361.847,394.284,429.573
Egypt,2185.51,2377.32,2636.33,2903.53,3161.81,3405.55,3547.53,3709.11,3913.09,4097.69,4311.93,4459.12,4481.64,4576.2,4774.49,4978.22,5208.2,5490.22,5853.91,6170.42,6502.52,6742.36,6929.26,7133.37,7482.13,7900.57,8516.06,9186.53,9821.88,10130.29,10529.38,10694.41,11620.12,11726.03,11350.95,11957.71,11616.34,11158.25,11797.9,12445.21,12789.91,13083.41,13859.94
Ethiopia,7.385,7.578,7.973,8.863,8.375,9.808,10.188,10.89,11.285,11.872,12.595,13.928,14.696,9.143,8.135,7.887,8.794,8.621,7.815,7.515,8.167,8.103,7.828,8.604,10.122,12.387,15.31,19.329,26.25,28.672,26.887,30.48,42.221,46.544,54.165,63.081,72.12,76.841,80.207,92.608,96.611,93.966,92.907
Ethiopia,306.166,327.239,341.064,370.515,363.099,321.266,348.144,393.41,396.62,397.066,408.798,379.058,341.343,383.009,391.822,411.464,461.755,469.48,442.534,464.469,507.816,541.122,543.399,510.559,570.806,645.952,723.23,809.252,902.944,985.05,1084.8,1214.29,1314.85,1408.01,1680.73,1861.84,2134.42,2321.44,2519.96,2752.7,2908.3,2972.62,3251.58
Gabon,4.559,4.111,3.853,3.689,3.547,3.736,4.889,3.699,4.079,4.458,6.339,5.754,5.955,5.757,4.463,5.281,6.064,5.673,4.774,4.966,5.397,5.023,5.332,6.51,7.767,9.468,10.164,12.457,15.57,12.188,14.384,18.207,17.181,17.596,18.209,14.385,14.02,14.924,16.875,16.875,15.642,18.362,18.768
Gabon,8872.13,9122.38,9866.13,10232.52,10881.85,11621.46,11356.61,9633.39,10099.97,11854.75,12653.27,13448.43,12926.4,13429.33,13878.37,14511.35,14939.26,15677.0,16004.7,14423.22,14115.06,14375.33,14273.19,14424.9,14613.77,14585.8,14380.96,15245.13,15232.08,14449.33,14965.59,15762.73,15487.11,15234.6,15499.57,14834.21,14490.23,15302.64,15587.77,16271.87,15970.05,16243.91,16853.7
Ghana,38.219,61.792,72.038,48.515,17.332,15.379,14.228,11.932,12.678,12.897,14.898,16.673,16.485,13.383,12.303,14.544,15.458,15.786,17.153,17.756,11.467,12.227,14.2,17.494,20.244,24.521,28.785,33.942,38.414,34.254,43.043,53.645,56.505,63.279,53.173,48.595,54.989,58.978,65.518,66.998,68.418,74.26,79.737
Ghana,1194.78,1228.88,1171.13,1114.19,1181.95,1270.55,1342.89,1435.07,1547.32,1642.08,1723.8,1824.11,1901.49,1990.68,2054.53,2133.47,2220.57,2332.2,2415.8,2499.12,2456.9,2541.17,2634.77,2752.98,2908.92,3110.26,3312.46,3460.79,3758.32,3908.99,4046.54,4605.21,5120.73,5285.17,5480.81,5143.53,4917.35,5028.02,5357.43,5688.21,5692.64,5967.64,6313.84
Guinea,2.4,2.381,2.335,2.284,2.327,2.473,2.675,2.84,3.317,3.384,3.71,4.195,4.57,4.562,4.707,5.139,5.316,5.212,5.003,4.798,4.039,3.806,4.022,4.759,5.054,4.506,4.178,6.317,6.966,6.753,6.858,6.034,7.304,8.374,8.79,8.79,8.604,10.337,12.181,13.797,15.455,16.339,17.428
Kenya,10.099,9.513,9.159,8.47,8.788,8.746,10.387,11.387,11.806,11.705,12.18,11.501,11.327,7.869,9.422,11.944,13.565,13.742,15.739,14.353,14.136,14.536,14.764,16.796,18.064,21.001,25.826,31.959,35.895,37.022,40.0,41.671,50.422,55.125,61.546,64.235,69.19,78.896,87.801,95.41,99.287,106.041,112.75
Kenya,991.164,1088.79,1171.9,1194.77,1216.0,1263.67,1336.24,1398.14,1483.68,1559.34,1638.63,1663.8,1632.98,1621.58,1650.19,1708.79,1757.13,1748.24,1768.26,1775.75,1772.34,1833.56,1823.39,1858.24,1942.1,2059.68,2187.99,2333.44,2319.38,2350.31,2517.38,2664.9,2777.33,3042.8,3327.85,3717.46,4025.19,4475.92,4757.7,4984.57,4925.52,5274.41,5577.11
Libya,38.941,33.641,33.541,31.963,29.93,29.44,23.987,22.294,25.067,26.594,30.644,33.908,34.358,30.921,28.796,32.69,35.683,36.531,29.96,35.975,38.271,34.112,20.471,26.186,32.996,47.335,54.963,67.69,73.917,50.808,68.974,31.999,79.759,51.896,24.262,17.216,18.563,30.211,41.432,39.832,21.797,24.267,25.901
Libya,36300.89,30373.42,31264.84,29710.15,27055.9,28237.13,24579.56,20603.0,20338.63,21672.62,24752.0,28916.37,28128.09,27103.23,27671.4,24228.25,24850.59,24717.1,24453.68,24529.81,25549.59,25259.27,25032.11,28390.38,29957.93,34063.33,36718.63,39476.29,32390.97,31237.64,32167.77,11167.41,23665.8,15877.89,8573.42,7671.71,7996.69,10708.89,12798.8,14599.42,5893.26,13723.27,14651.1
Madagascar,5.202,4.759,4.785,4.686,3.906,3.803,4.348,3.213,3.189,3.176,3.931,3.255,3.715,4.063,3.522,3.838,4.932,4.263,4.402,4.278,4.629,5.438,5.352,6.372,5.065,5.859,6.396,8.525,10.725,9.617,9.983,11.552,11.579,12.424,12.523,11.323,11.849,13.176,13.974,14.519,13.837,14.746,15.972
Madagascar,1014.91,975.63,990.087,1011.61,1038.9,1055.17,1067.23,1075.14,1117.72,1173.52,1212.98,1141.06,1146.43,1162.87,1151.67,1159.28,1168.87,1194.69,1216.39,1251.89,1295.85,1360.82,1174.41,1274.2,1336.77,1401.93,1478.5,1559.23,1648.5,1550.58,1534.89,1548.33,1530.94,1535.5,1555.83,1546.84,1607.58,1586.4,1633.54,1692.14,1599.04,1639.17,1717.51
Malawi,2.146,2.146,2.046,2.121,2.095,1.962,2.048,2.013,2.314,2.639,2.999,3.821,3.12,3.591,2.081,2.423,3.956,4.619,3.036,3.08,3.023,2.967,3.496,3.211,3.476,3.656,3.998,4.431,5.321,6.195,6.957,7.984,5.981,5.432,6.055,6.402,5.492,6.23,6.911,7.663,8.488,9.268,9.598
Malawi,357.252,360.389,382.382,400.844,422.711,436.298,420.489,411.866,414.177,414.449,437.618,480.586,450.041,502.385,457.086,524.579,576.1,609.443,605.964,619.408,622.489,596.718,594.212,625.85,663.045,692.099,725.927,794.529,847.98,899.693,945.512,983.784,957.191,1026.14,998.44,946.405,956.775,945.343,970.769,1003.66,993.313,1004.73,1063.62
Mali,2.031,1.66,1.468,1.418,1.416,1.426,1.981,2.308,2.316,2.827,3.223,3.284,3.372,3.362,2.575,3.337,3.416,3.208,3.328,3.444,2.963,3.468,3.905,4.713,5.452,6.251,6.906,8.157,9.837,10.221,10.698,12.993,12.45,13.243,14.369,13.106,14.022,15.36,17.079,17.308,17.639,19.912,21.824
Mali,542.162,566.498,521.351,547.609,569.041,594.284,631.997,653.587,667.818,757.929,846.511,925.29,911.57,942.944,973.638,996.68,1060.34,1101.42,1117.23,1173.21,1166.9,1337.71,1360.67,1467.37,1483.66,1578.93,1648.39,1695.04,1751.07,1786.5,1844.03,1883.12,1816.69,1866.33,1971.77,2093.23,2255.12,2315.16,2409.91,2493.66,2400.82,2468.63,2597.78
Morocco,21.998,17.86,18.028,16.296,14.904,15.043,19.864,21.911,25.947,26.706,30.18,32.286,33.712,31.656,35.605,39.029,43.162,39.147,41.806,41.632,38.859,39.46,42.238,52.064,59.626,62.343,68.641,79.041,92.507,92.897,93.217,101.371,98.266,106.826,110.081,101.179,103.312,109.683,118.096,119.701,113.548,124.003,131.309
Morocco,1493.52,1549.24,1757.29,1773.85,1873.16,2006.91,2166.06,2113.06,2361.44,2455.03,2639.53,2870.25,2821.29,2815.8,3125.74,2974.38,3355.65,3313.32,3543.67,3584.09,3683.72,3986.1,4120.22,4388.44,4661.33,4900.81,5362.19,5628.63,6001.89,6225.95,6458.37,6854.59,6856.81,7090.59,6793.07,7244.17,7355.97,7581.0,7923.77,8180.16,7619.89,8027.28,8446.1
Mozambique,4.615,3.585,3.662,3.28,3.417,4.516,5.301,2.395,2.105,2.199,3.529,3.704,2.584,2.651,2.848,2.959,4.163,4.976,5.625,5.928,5.39,5.31,5.626,6.254,7.589,8.512,9.303,10.534,12.64,12.261,11.418,14.382,16.257,16.968,17.623,15.951,11.937,13.15,14.71,15.195,14.385,13.957,14.889
Mozambique,200.786,225.269,217.599,186.757,178.065,183.614,182.291,214.52,240.758,265.551,274.69,295.495,274.751,299.708,314.293,317.274,348.769,384.341,416.51,460.103,463.542,516.56,557.626,590.406,636.277,680.614,743.5,799.631,850.442,885.876,927.912,989.146,1000.5,1047.83,1100.13,1248.08,1319.97,1245.03,1284.01,1301.69,1276.62,1292.63,1348.16
Niger,3.531,3.056,2.84,2.538,2.056,2.027,2.68,3.143,3.21,3.068,3.491,3.271,3.372,3.041,1.935,2.296,2.397,2.285,2.639,2.532,2.235,2.442,2.772,3.382,3.746,4.372,4.743,5.716,7.279,7.324,7.838,8.754,9.412,10.206,10.83,9.684,10.35,11.185,12.85,12.912,13.698,15.899,18.528
Niger,703.952,743.833,779.904,752.952,627.483,674.9,709.188,704.82,755.868,768.749,762.883,760.207,766.987,761.282,765.243,773.526,761.491,759.279,814.992,795.924,775.388,819.63,842.127,844.756,838.934,894.536,940.425,959.323,1014.54,1003.38,1060.6,1066.13,1156.14,1125.27,1138.77,1145.24,1148.28,1163.64,1229.59,1276.11,1258.71,1319.57,1466.62
Senegal,4.338,3.934,3.85,3.435,3.35,3.668,5.188,6.241,6.173,6.083,7.078,6.955,7.435,7.014,4.746,6.026,6.3,5.867,6.416,6.599,6.016,6.508,7.001,8.767,10.072,11.015,11.699,13.996,16.852,16.128,16.134,17.811,17.672,18.919,19.802,17.777,19.035,20.989,23.127,23.307,24.448,27.927,30.521
Senegal,1070.01,1197.92,1334.04,1275.42,1331.45,1377.21,1405.76,1482.59,1480.26,1552.61,1554.25,1602.4,1614.78,1626.54,1611.58,1699.6,1719.1,1753.36,1835.39,1927.63,1999.47,2080.79,2064.23,2165.89,2269.64,2379.57,2444.33,2513.64,2587.12,2606.84,2652.86,2669.52,2739.42,2742.42,2830.7,2971.35,3075.93,3203.9,3388.94,3503.62,3478.48,3624.87,3824.0
Sierra Leone,1.701,1.823,2.05,1.782,2.062,1.755,1.314,1.145,1.877,1.724,0.948,1.138,0.992,1.122,1.331,1.273,1.374,1.24,0.981,0.977,0.941,1.084,1.25,1.38,1.439,1.61,1.884,2.159,2.511,2.454,2.578,2.942,3.802,4.916,5.007,4.252,3.855,3.713,4.085,4.119,4.204,4.42,4.445
Sierra Leone,783.607,852.925,902.822,902.229,945.258,891.643,890.89,914.679,946.185,1008.22,1046.73,989.026,914.185,940.412,998.534,918.509,702.07,585.439,580.883,531.596,549.134,639.499,786.269,835.952,875.873,908.461,944.762,1020.25,1070.52,1088.37,1134.09,1203.17,1405.48,1746.55,1787.66,1599.22,1678.27,1633.73,1694.33,1781.09,1724.9,1771.44,1836.47
South Africa,82.981,85.463,78.415,87.417,77.315,59.102,67.562,88.572,95.207,99.044,115.533,123.964,134.557,134.345,139.804,155.461,147.701,152.611,137.686,136.55,136.453,121.602,115.748,175.254,228.931,257.667,271.812,299.033,287.095,297.221,375.304,416.879,396.332,366.821,350.901,317.578,296.273,349.433,368.135,351.354,302.114,329.529,344.139
South Africa,4642.23,5219.22,5379.79,5347.49,5678.34,5651.86,5638.44,5774.31,6098.07,6350.02,6420.37,6413.04,6259.59,6328.13,6517.64,6717.54,7003.3,7191.66,7199.52,7365.84,7726.31,7965.56,8274.19,8592.78,9127.72,9794.84,10527.84,11240.98,11657.63,11394.22,11695.97,12143.17,12035.4,12436.19,12514.29,12547.66,12581.66,12681.72,12898.43,12961.7,12032.41,12441.71,12779.14
Sudan,9.095,6.53,4.748,6.485,7.992,5.547,7.4,11.964,9.551,16.853,2.245,2.528,3.1,5.246,5.961,6.694,8.377,10.241,10.924,10.714,13.134,15.716,18.137,21.355,26.646,35.183,45.264,59.44,64.833,54.812,65.716,66.448,48.948,52.892,60.726,64.536,64.883,47.837,35.891,33.564,34.37,35.827,35.917
Sudan,1081.59,1222.11,1312.96,1306.81,1220.74,1217.41,1328.1,1409.43,1492.86,1534.45,1508.59,1620.1,1698.27,1734.89,1782.25,2051.71,2153.38,2275.47,2440.58,2529.74,2740.05,3026.59,3177.46,3347.85,3522.96,3748.03,4009.42,4242.93,4378.02,4180.6,4281.18,5197.99,3929.48,3934.82,4509.18,4438.22,5568.78,4602.32,4472.92,4310.32,4097.68,4082.39,4114.89
Tanzania,10.873,13.005,14.932,15.294,13.915,12.556,15.874,7.821,7.474,6.444,5.172,6.019,5.588,5.17,5.478,6.382,7.889,9.341,11.481,11.777,12.369,12.61,13.125,14.159,15.576,17.174,18.867,21.807,27.762,28.985,31.533,34.067,39.651,45.681,50.002,47.384,49.774,53.227,56.699,60.81,63.244,65.919,70.068
Tanzania,580.725,619.387,641.387,661.662,687.643,719.66,759.349,799.829,838.918,877.473,943.82,963.363,957.82,959.39,963.933,989.839,1026.24,1054.81,1081.85,1123.91,1176.32,1241.36,1315.04,1392.18,1498.61,1612.98,1690.94,1830.9,1916.21,1977.12,2066.29,2210.07,2099.43,2194.77,2243.35,2348.07,2478.81,2527.81,2687.36,2840.65,2820.6,2863.0,2974.32
Togo,1.994,1.656,1.396,1.33,1.222,1.281,1.795,2.107,2.345,2.302,2.772,2.74,2.873,2.189,1.697,2.24,2.448,2.494,2.361,2.37,2.014,2.0,2.301,2.854,3.048,3.08,3.173,3.592,4.483,4.554,4.63,5.223,5.229,5.831,6.174,5.641,6.03,6.393,7.117,7.221,7.495,8.627,9.361
Togo,998.37,1021.23,1007.23,956.184,1010.92,1044.37,1064.13,1030.07,1139.65,1199.01,1283.82,1289.12,1249.4,1048.2,1192.6,1420.93,1351.75,1383.72,1324.38,1334.98,1312.07,1314.95,1351.03,1431.78,1419.4,1359.49,1400.02,1382.88,1427.69,1477.61,1543.81,1632.63,1655.51,1720.57,1792.3,1885.3,1954.22,2012.26,2110.65,2210.98,2198.99,2261.44,2358.3
Tunisia,9.566,9.223,8.9,9.202,9.054,9.245,9.91,10.663,11.073,11.069,13.474,14.202,16.978,15.944,17.052,19.654,21.283,20.747,21.803,22.943,21.474,22.066,23.142,27.454,31.184,32.272,34.377,38.915,44.844,43.466,44.054,45.81,45.044,46.248,47.634,43.172,41.801,39.627,40.139,39.169,39.553,44.265,46.527
Tunisia,2134.38,2397.78,2473.43,2627.95,2845.77,3003.09,2906.01,3110.91,3168.98,3318.39,3575.64,3765.0,4069.51,4180.84,4340.18,4471.0,4790.29,5081.54,5328.34,5668.26,5984.62,6291.93,6424.39,6799.46,7360.22,7788.09,8367.0,9077.48,9544.94,9802.57,10151.06,10049.58,10179.9,10174.5,10370.41,10123.89,10269.11,10467.26,10889.63,11074.95,10119.77,10594.08,10996.17
Uganda,7.486,12.12,8.41,9.619,7.399,6.771,6.746,10.878,11.268,9.136,7.452,3.897,3.645,4.311,6.24,7.473,7.713,8.407,8.23,7.823,7.756,7.835,8.425,8.725,10.75,12.46,14.079,17.512,22.419,24.107,24.683,27.501,30.939,32.331,33.122,27.445,29.557,31.384,34.095,37.788,37.613,41.271,44.83
Uganda,526.047,580.338,647.005,683.959,665.808,644.285,640.487,658.189,711.161,758.053,808.093,821.106,861.026,909.408,968.414,1046.09,1098.95,1133.09,1178.69,1250.3,1285.59,1384.12,1456.68,1520.3,1596.28,1751.82,1868.09,2003.31,2178.55,2294.27,2415.28,2569.51,2372.96,2395.13,2440.64,2388.16,2355.78,2382.08,2508.29,2689.09,2574.0,2705.95,2820.69
Zambia,4.246,4.385,4.232,3.653,3.003,2.848,1.962,2.431,4.095,4.365,4.085,3.69,3.614,3.549,3.657,3.799,3.599,4.303,3.538,3.405,3.601,4.094,4.194,4.902,6.221,8.329,12.762,14.06,17.914,15.332,20.264,23.455,25.502,28.042,27.145,21.245,20.965,25.874,26.312,23.309,18.529,18.955,19.083
Zambia,1322.9,1494.9,1493.1,1487.15,1469.16,1489.28,1500.05,1514.69,1663.3,1615.75,1615.72,1609.93,1631.77,1622.1,1393.8,1426.92,1503.12,1544.76,1514.25,1564.67,1618.65,1697.83,1757.26,1866.29,1998.83,2151.86,2326.91,2516.44,2685.55,2869.54,3107.83,3249.6,3348.12,3503.86,3467.11,3360.02,3332.67,3407.31,3520.63,3526.4,3341.99,3322.25,3332.68
