,Argentina,Bolivia,Brazil,Chile,Colombia,Costa Rica,Dominican Republic,Ecuador,El Salvador,Guatemala,Haiti,Honduras,Mexico,Nicaragua,Panama,Paraguay,Peru,Uruguay,Venezuela
1980,0.7,0.61,9.19,7.945,4.429,0.752,7.969,4.9,-8.625,3.7,7.345,0.668,9.482,4.612,4.5,11.712,7.661,5.975,-4.947
1981,-5.744,0.3,-4.4,6.212,2.277,-2.26,4.279,3.9,-5.725,0.644,1.056,2.533,8.526,5.361,9.207,9.17,5.461,1.9,-1.288
1982,-3.149,-3.939,0.596,-13.588,0.948,-7.285,1.7,1.2,-6.306,-3.542,-2.797,-1.391,-0.521,-0.817,5.348,-1.398,-0.324,-9.34,2.645
1983,3.733,-4.042,-3.4,-2.802,1.574,2.859,4.628,-2.8,1.535,-2.528,-1.5,-0.924,-3.486,4.615,-4.491,-3.043,-9.329,-3.281,-9.856
1984,2.0,-0.201,5.307,5.886,3.351,8.028,1.253,4.2,1.337,0.51,0.201,4.346,3.411,-1.566,2.709,2.817,3.801,-1.092,5.223
1985,-6.951,-1.676,7.901,1.968,3.107,0.722,-2.123,4.4,0.616,-0.6,0.757,4.188,2.188,-4.084,4.942,3.872,2.089,1.475,0.867
1986,7.146,-2.574,7.544,5.596,5.824,5.536,3.522,3.094,0.19,0.1,0.273,0.723,-3.079,-1.015,3.568,0.263,12.106,8.857,6.08
1987,2.529,2.463,3.601,6.581,5.369,4.765,10.117,-5.972,2.513,3.579,-0.432,6.031,1.722,-0.706,-1.809,4.072,7.738,7.933,4.801
1988,-1.957,2.91,0.264,7.288,4.064,3.432,2.156,10.486,1.878,3.892,0.559,4.61,1.283,-12.4,-13.38,5.881,-9.422,1.467,6.51
1989,-7.007,3.79,3.2,10.605,3.414,5.666,4.401,0.285,0.962,3.943,-1.131,4.326,4.106,-1.694,1.562,5.817,-13.422,1.104,-13.92
1990,-1.338,4.636,-4.168,3.671,4.282,3.6,-5.454,3.008,4.831,3.101,-0.44,0.097,5.176,-0.132,8.099,4.12,-5.09,0.297,6.468
1991,10.498,5.267,1.031,7.715,2.372,2.263,0.945,5.113,1.498,3.0,1.262,3.252,4.215,-0.154,9.418,3.49,2.219,3.539,9.73
1992,10.299,1.646,-0.467,11.132,4.353,9.201,11.221,3.614,7.021,4.6,-2.251,5.624,3.541,0.4,8.203,1.696,-0.541,7.932,6.06
1993,6.251,4.269,4.665,6.722,5.71,7.097,7.365,2.0,5.817,3.4,-4.922,6.23,2.738,-0.4,5.456,4.936,5.244,2.658,0.275
1994,5.83,4.667,5.334,5.062,5.147,4.519,2.6,4.258,4.692,3.5,-11.603,-1.303,4.941,5.0,2.849,5.318,12.308,7.281,-2.349
1995,-2.845,4.678,4.417,8.844,5.202,4.154,5.685,2.253,4.733,4.4,9.892,4.08,-6.291,5.912,1.752,6.823,7.411,-1.448,3.952
1996,5.527,4.361,2.209,6.872,2.056,1.35,5.978,1.732,0.816,2.8,4.143,3.578,6.773,6.344,7.371,1.574,2.799,5.578,-0.198
1997,8.111,4.954,3.395,7.416,3.43,5.476,8.885,4.328,3.136,4.1,2.705,4.994,6.847,3.967,6.48,4.243,6.476,5.048,6.371
1998,3.85,5.029,0.338,4.356,0.57,7.155,6.714,3.267,2.652,4.6,2.182,2.902,5.164,3.712,7.332,0.068,-0.392,4.28,0.294
1999,-3.385,0.427,0.468,-0.456,-4.204,4.215,5.94,-4.739,2.164,3.7,2.71,-0.736,2.754,7.036,3.878,-1.366,1.495,-2.965,-5.97
2000,-0.789,2.508,4.388,5.335,2.925,3.869,4.662,1.092,1.126,2.5,0.87,7.291,4.942,4.102,2.737,-2.314,2.695,-1.776,3.687
2001,-4.409,1.684,1.39,3.301,1.678,3.491,2.46,4.016,0.877,2.4,-0.334,2.723,-0.404,2.961,0.558,-0.834,0.617,-3.461,3.394
2002,-10.894,2.486,3.053,3.096,2.504,3.417,4.495,4.097,1.577,4.244,0.924,3.754,-0.04,0.754,2.247,-0.021,5.454,-7.051,-8.856
2003,8.955,2.711,1.141,4.09,3.918,4.317,-1.346,2.723,1.566,2.617,3.359,4.547,1.446,2.521,4.226,4.321,4.165,2.327,-7.755
2004,8.911,4.173,5.76,7.202,5.333,4.425,2.57,8.211,0.889,2.969,-1.233,6.232,3.921,5.312,7.508,4.057,4.959,4.64,18.287
2005,8.852,4.421,3.202,5.742,4.707,3.977,9.428,5.291,2.709,3.065,3.618,6.051,2.308,4.282,7.181,2.133,6.285,6.806,10.318
2006,8.047,4.797,3.962,6.316,6.717,7.327,9.174,4.404,4.342,5.575,1.745,6.567,4.495,3.805,8.541,4.807,7.529,4.099,9.872
2007,9.008,4.564,6.07,4.912,6.738,8.215,7.416,2.19,1.861,6.049,5.57,6.188,2.291,5.076,12.111,5.422,8.518,6.542,8.754
2008,4.057,6.148,5.094,3.567,3.283,4.738,3.21,6.357,2.128,3.662,2.478,4.232,1.144,3.436,9.856,6.359,9.143,7.176,5.278
2009,-5.919,3.357,-0.126,-1.588,1.14,-0.873,0.946,0.566,-2.086,0.632,6.313,-2.432,-5.286,-3.293,1.243,-0.258,1.049,4.243,-3.202
2010,10.125,4.127,7.528,5.824,4.494,5.36,8.34,3.525,2.105,2.806,-3.805,3.731,5.118,4.41,5.828,11.144,8.451,7.803,-1.489
2011,6.004,5.204,3.974,6.119,6.948,4.403,3.133,7.868,3.815,4.445,6.154,3.836,3.663,6.317,11.314,4.249,6.452,5.162,4.176
2012,-1.026,5.122,1.921,5.332,3.913,4.883,2.717,5.642,2.814,3.148,0.553,4.129,3.642,6.496,9.779,-0.539,5.951,3.538,5.626
2013,2.405,6.796,3.005,4.047,5.134,2.495,4.875,4.947,2.236,3.485,3.085,2.792,1.354,4.927,6.903,8.417,5.837,4.638,1.343
2014,-2.513,5.461,0.504,1.766,4.499,3.542,7.05,3.789,1.711,4.444,3.402,3.058,2.85,4.785,5.067,4.861,2.394,3.239,-3.894
2015,2.731,4.857,-3.546,2.295,2.956,3.652,6.927,0.099,2.395,4.092,1.617,3.84,3.293,4.792,5.733,3.08,3.274,0.371,-6.221
2016,-2.08,4.264,-3.276,1.723,2.087,4.204,6.659,-1.226,2.547,2.678,1.723,3.893,2.631,4.563,4.953,4.313,4.363,1.69,-17.04
2017,2.819,4.195,1.323,1.154,1.359,4.158,4.667,2.368,2.25,3.023,2.286,4.843,2.113,4.631,5.591,4.954,2.125,1.628,-15.671
2018,-2.565,4.224,1.784,3.719,2.564,2.056,6.983,1.289,2.431,3.215,1.668,3.697,2.195,-3.95,3.598,3.356,3.963,0.478,-19.621
2019,-2.088,2.217,1.411,1.02,3.281,2.168,5.052,0.012,2.382,3.846,-1.682,2.651,-0.055,-3.879,3.04,-0.03,2.226,0.331,-35.0
2020,-9.956,-7.7,-4.059,-5.841,-6.847,-4.796,-6.731,-7.5,-8.58,-1.5,-3.7,-8.0,-8.239,-3.0,-17.949,-0.9,-11.115,-5.7,-30.0
2021,5.839,5.5,3.655,6.174,5.15,2.595,5.481,2.502,4.2,4.5,1.0,4.5,5.004,0.237,12.045,4.0,8.498,3.0,-10.0
2022,2.475,4.2,2.565,3.822,3.617,3.296,4.961,1.297,2.84,4.001,1.0,3.3,3.002,2.7,5.0,4.0,5.159,3.1,-5.0
